48562 85181 1452748861
51537 24551 1401758873
51525 57129 1412364810
50068 82544 1447051247
52871 60766 1414088199
52918 78484 1440455457
38966 68866 1425655849
53012 53008 1402875240
51632 57241 1412221745
53064 47090 1406951928
15860 67193 1431359649
53127 70150 1428217736
54240 47301 1403383466
44590 61055 1414620436
54395 54380 1403812245
38416 58042 1423461076
54441 86484 1455231639
42804 61091 1414694914
53000 21035 1404252584
54628 78647 1444402802
54430 57641 1409442436
54667 56885 1407953579
54668 54718 1404677539
52843 55971 1405288424
50658 32968 1407206741
56158 58585 1412218681
55889 56340 1406138568
42636 56671 1406965979
47264 59178 1412740495
56827 56873 1407475050
56921 56859 1407618760
36477 57010 1407819329
57021 62560 1449863385
57161 57159 1408128155
57256 57245 1408410870
56995 45340 1408470541
57285 54403 1424562416
57020 50746 1414010698
56910 57668 1409528989
45027 57368 1408895426
57428 58669 1411766101
56292 61515 1417377700
57544 80774 1443632095
57858 57518 1409881875
57872 57871 1409931109
57425 39015 1410186215
47484 57973 1410275527
58017 58014 1410331914
47855 69534 1426989070
57975 58356 1411072211
58271 58112 1410926744
58395 65864 1420987876
58439 25692 1411251328
41777 59245 1412810180
58499 64365 1419750134
58628 62791 1418160590
48094 69320 1427327709
13514 58784 1412189941
58718 61965 1416449345
57448 64354 1419722153
58952 68473 1424823948
58947 59021 1412447632
59043 59046 1412497749
59056 58745 1412588056
59200 59196 1412717895
59256 48857 1412804419
50563 59298 1412901724
59294 56449 1412908118
58125 74880 1434121792
60603 60708 1413864529
60651 60682 1413936819
60732 88188 1456525172
35873 43195 1414146789
60960 26355 1414424332
37840 61077 1418324265
61106 61107 1414787724
58141 45285 1415153563
60491 60480 1415172209
61494 61520 1415543695
61504 61489 1415529834
61709 68579 1425466071
61472 49129 1429529930
61966 36997 1416397910
50309 84849 1451879521
62279 66650 1422942348
62310 60814 1417142688
62412 61743 1417391415
60535 57713 1429490030
62466 62384 1417507641
62471 80115 1441913817
62647 79986 1441617334
62356 55871 1417910007
61506 55866 1425746772
62810 70684 1429393353
63869 73658 1431952683
63943 51134 1418714498
64028 84249 1450377122
64252 64499 1431995299
64003 82307 1446617994
41757 66044 1424055954
64534 74044 1432440527
61461 54656 1423194988
65801 69991 1427982723
65975 83033 1448062876
66047 65916 1421457898
66216 66010 1421935530
58424 64413 1422404439
66393 74895 1434139162
66461 60913 1422544709
66513 33129 1422642989
66682 66693 1423090201
56926 68366 1429641516
60986 74129 1432611640
67118 76004 1438807046
57977 36758 1424351965
68279 47228 1433012520
45188 69452 1426822874
68572 68559 1424997227
68722 69757 1427534991
68746 25505 1425384035
68779 68777 1425437296
46907 32812 1425637993
57088 68953 1425864352
66638 62656 1425856662
68981 69216 1426352901
69091 72317 1430779757
37266 82006 1450659630
69443 69463 1426839831
69466 69642 1427235950
46681 70873 1429804214
35927 69559 1427159878
69556 84088 1450073548
69902 62190 1427756337
27058 69868 1427767663
61532 44192 1428952805
69940 70295 1428538394
69974 76565 1438238186
70008 69895 1427941172
70247 66034 1428439737
70380 58456 1433901650
70404 46719 1428754693
70572 11010 1431058740
70760 70858 1429758147
70853 86491 1455151380
30178 71070 1430210781
71117 70494 1430302250
71166 71182 1430432483
71171 74404 1433116134
71218 82176 1446632757
40272 71200 1430629788
73430 69540 1434384819
73467 75449 1435474469
73756 4435 1431818116
73938 73846 1432362282
74281 74359 1433033677
70464 76211 1437369645
35652 69196 1433133297
74448 64314 1433212611
74463 74240 1433246901
33725 46856 1433664386
74683 50302 1433738844
74763 74762 1433883686
74794 74858 1434418367
75053 75096 1434543112
75065 43000 1436128872
75187 75185 1434733229
75114 40232 1435475117
75227 75219 1434870873
75616 87711 1455664071
75660 76335 1437651478
68208 75816 1436343944
75698 75701 1436089636
27467 75940 1436659947
75795 74842 1436316692
75818 75830 1436396974
75572 75905 1436983190
15505 47044 1456033421
76115 80034 1441737169
51290 76259 1437451355
76189 75058 1437262065
66877 76128 1437609182
76359 84608 1451329796
76412 81632 1445166054
69275 76462 1438025012
76483 80747 1443326534
76633 25369 1438383040
76541 80242 1442212259
74045 75246 1438796830
73784 84243 1451815342
76875 76590 1439001750
76894 77945 1439384030
76500 78254 1439843138
54761 78256 1439844786
78535 70019 1440971415
78738 78726 1441052815
77929 54789 1445117170
80085 80092 1441863454
80173 80090 1442132883
46936 80276 1442402426
76352 82209 1446452054
80449 78164 1442679666
80675 38943 1443164288
54263 83300 1448670002
69932 80885 1443633830
80710 84966 1452576750
80925 81090 1444102761
81044 81148 1444193719
81126 80791 1444168231
81174 81177 1444248054
81258 19927 1444403089
81135 84419 1450784898
81311 81776 1450614393
41585 88516 1457107181
81368 81838 1453408995
81309 82497 1446967533
81607 86172 1454561744
81746 56222 1445430971
81854 16302 1445660286
6671 86093 1454435072
82010 81925 1445979388
82179 84144 1457016770
80247 82739 1447434792
45451 82436 1446911439
82560 68203 1447097191
82666 85529 1453386609
76736 82724 1447726050
76238 83374 1448751404
82814 82802 1447638962
82843 75500 1452000978
56578 51327 1447815401
82938 84044 1454718291
83022 84433 1450827038
81605 80376 1448560127
83366 20796 1450382423
83409 50609 1448934014
83783 62032 1449531294
83971 84556 1451162175
83581 84351 1450639436
76600 87890 1455915452
84475 84499 1450979377
84490 50860 1455280903
84526 84543 1451112245
35397 84604 1451305925
84557 84558 1451696670
51450 68232 1452722137
85239 50868 1452810012
85369 31058 1453018636
85386 82691 1453034954
83671 83234 1454540257
85379 85586 1453469438
85554 83501 1453441127
85711 85211 1453937513
85099 85160 1453824167
85130 88210 1456980313
81414 83186 1454443114
70229 87969 1456097963
86465 77998 1455119240
51178 86581 1455455214
86661 55853 1455501699
87777 80736 1455688698
86100 74936 1455720339
87910 87902 1455945382
46135 86577 1456195473
88104 38854 1456513804
88133 83225 1456402163
88166 56362 1456458529
48476 88291 1457154113
