28 378 1255614319
56 2988 1262635522
97 9582 1285711794
132 1544 1257646320
151 2869 1262061230
211 31272 1360597463
910 1057 1256614645
986 76 1256086857
182 1065 1256357637
436 1273 1276186219
423 648 1255894394
467 590 1255848878
538 562 1255831472
587 80022 1441713709
669 12090 1294475739
687 4747 1270177633
734 3692 1364587992
178 1733 1258096231
773 779 1256018652
109 1800 1258751830
836 860 1256120056
851 835 1256108542
873 878 1256137541
885 6854 1283030837
180 22877 1334313477
962 1170 1282955149
996 1494 1257417175
997 1844 1261534619
975 4043 1266404393
1013 1071 1256368939
1034 56669 1426677731
5771 5395 1272803232
1068 18089 1321655083
1054 3819 1265414001
838 4199 1267026761
1165 65841 1420925726
146 16336 1310271038
1202 1566 1258549303
927 3885 1265613866
1216 1258 1256783299
1268 686 1256809753
1265 54609 1404858603
1104 2929 1262364162
874 5780 1272847875
1403 4420 1267908852
1404 15449 1319432561
1120 1535 1260521586
1442 1471 1257364975
1214 1519 1257468649
1526 1518 1257480815
1555 3888 1272044223
1594 6099 1275439681
1629 1626 1257805480
1643 7200 1282436648
1664 45546 1389766510
936 2034 1259002541
932 3682 1265013115
1364 2120 1259378751
1684 23884 1337734415
300 69747 1452088241
1692 1714 1258050168
1020 12059 1294356723
1743 5068 1280312080
1761 2322 1260046616
1779 1780 1258182499
1782 1983 1260499182
1810 1796 1258281226
1823 1879 1258544296
1825 19860 1338453315
1837 3291 1272235493
1846 1591 1258421471
1857 76845 1438926932
1865 1864 1258504685
1915 15474 1306795432
1928 1987 1258787038
1937 12292 1295378706
1979 3000 1268291958
2023 10761 1289517873
946 9292 1284788603
1956 12531 1296114416
2096 4536 1268287942
2099 2102 1259297042
2111 2121 1259390831
2122 6710 1278321211
1134 2446 1267138977
2181 53100 1448022023
2223 13967 1301351588
2274 18765 1319562892
1930 10220 1288128498
2286 3052 1262918309
2327 4625 1268921397
1876 3565 1264579543
2259 448 1285884521
1173 69371 1427262673
509 4717 1268945022
47710 8197 1339095468
2418 11500 1412063265
2458 2447 1260407796
2474 2509 1260579637
2490 12500 1296090606
2231 2500 1260535946
2515 2541 1260694539
1681 12314 1295448096
2569 7573 1279167928
2714 16124 1309574682
2734 3031 1265924754
2818 16792 1322947654
2873 2877 1262104994
2878 2872 1262106781
2884 62519 1425179394
1100 24021 1346271654
389 2974 1262647589
3017 9919 1387645790
3023 14570 1303360490
3056 25725 1345062308
2285 24877 1341551295
3161 5660 1272804339
3238 4759 1269082241
3244 3287 1263619782
3246 4490 1270001554
3275 4338 1273987857
3281 11581 1292808567
3118 6361 1275101678
3319 82588 1448166892
3314 3598 1264689260
3346 3361 1263855393
3357 10110 1311657712
3369 14191 1302171954
3375 952 1371658667
3405 23098 1335823378
3427 1961 1264087925
3458 3432 1264153669
3492 3508 1264370611
3494 3762 1265249562
3513 16524 1310968068
435 5288 1271007246
3478 27994 1352613368
3613 3605 1264739509
3602 47120 1392758794
3627 30505 1357739277
3628 36296 1374357578
2576 24126 1338496206
3645 3671 1264988268
3579 10769 1291683413
3649 3843 1265509582
3681 54555 1404267937
3713 20112 1324538224
3779 18014 1316767886
3826 1448 1298517347
3857 5116 1270330081
3882 4389 1267778819
3899 4436 1267949543
2677 4994 1284496564
3898 4408 1298257513
3903 34325 1369385497
3939 3940 1265886952
3952 2781 1284885779
3737 88356 1456820255
2158 4302 1267408493
4095 4594 1268525520
4120 8544 1282033890
4520 59239 1423266810
4205 18323 1317994922
4222 4557 1268353057
4268 4300 1267394466
4280 4279 1267299058
4287 4288 1267313801
4327 2109 1274650956
4342 22206 1331999267
4330 32896 1366035178
4358 19007 1327003138
4363 5536 1272577780
4379 45065 1391053969
4250 66323 1426394459
2245 4491 1268111691
4384 10871 1289954604
4481 14812 1318489090
4524 25275 1343016056
4534 31293 1372642955
4544 15749 1307978449
4637 4650 1268678213
4669 4734 1268987406
4643 31361 1360654709
4698 10659 1289243128
4731 22668 1333522122
2171 4797 1269241142
4783 4904 1269543111
4796 42894 1384721136
4833 76685 1438566332
4853 4806 1269455997
4626 5165 1270559922
4837 20822 1332940953
3569 18736 1319457141
4963 757 1269763207
4965 16147 1309756705
4915 33685 1367692142
4990 5683 1275387214
5016 8684 1312744172
5044 5154 1270532129
4678 6270 1274713034
5096 66599 1422842497
5108 5121 1270374371
2802 15122 1305481942
4971 46176 1391048929
5142 27914 1352382372
3886 7175 1277836554
5196 7608 1281548011
5197 5464 1272106377
5231 5365 1271521977
5250 16862 1455370539
5313 5319 1271126814
5407 10218 1287644307
5431 7283 1278123241
3849 7870 1279935623
5469 5286 1271728453
5473 19201 1321105319
5566 5551 1272008151
5611 10711 1289374433
5646 5653 1272362579
5654 5637 1272367698
5715 7518 1283876940
5731 12596 1296340270
4221 6301 1334448272
5822 16698 1311553637
5827 5825 1273017361
5897 37902 1445626286
4555 8403 1281955586
5937 37072 1403059369
5960 5934 1273343293
5924 15589 1307229307
5973 12695 1314737087
5613 57499 1409082659
5986 20430 1326002588
5706 2063 1315640422
5998 13969 1302653328
5736 5548 1273557905
5724 12295 1295410836
6100 34075 1368781216
3213 5988 1273935387
6159 25468 1343872261
6167 6166 1274243745
6142 34764 1370658923
6290 4571 1274749805
1055 17458 1324099626
6324 5977 1274903402
6327 6326 1274895706
6343 6369 1275046618
6366 6388 1275076275
6433 6475 1275424397
6441 6435 1275276665
6484 6655 1276027684
6496 24435 1339656165
5795 17768 1316426398
6549 6557 1275702981
6561 41778 1382667457
6574 65818 1431798649
6210 44624 1387930606
6701 13834 1300982814
6882 1669 1298595278
6908 29596 1354526578
6858 17111 1313390811
6948 58719 1412120967
6923 7909 1280809135
6961 12968 1347847415
6966 6975 1277312010
7023 4954 1281044576
7028 6853 1284678374
7053 7142 1277763417
7057 8638 1282284557
7101 7129 1277711133
7165 8424 1281657115
7205 7072 1277981992
7231 7229 1277982583
7035 29828 1355182202
7257 4392 1278448042
3428 7203 1278186202
7359 27962 1354257134
7364 23267 1335555180
7313 55895 1405109710
7461 7467 1278712872
6321 50427 1425046578
7499 10763 1290275317
7512 7510 1278983998
7520 3027 1278988283
7705 20321 1325542673
7727 7726 1279510858
1816 7686 1279549310
2592 7861 1279899958
7821 7817 1279798517
7834 8789 1286233562
7844 11418 1379225944
7335 75428 1435357698
7914 21389 1329242699
7911 7929 1280214534
7915 41279 1381746278
7967 26746 1348496403
7993 7428 1280372851
7990 16438 1308613249
8019 10043 1287082372
8092 45094 1388943233
8168 11186 1291160161
8196 13396 1299290848
8217 9881 1427928454
8224 5837 1284531653
8201 73842 1432372454
8234 8214 1281272919
8253 8274 1281391164
8333 7276 1281482316
8341 39623 1378463872
8368 8361 1281513991
8358 20021 1324216371
6363 15896 1354871948
8504 56165 1405721615
8536 50282 1399009759
8565 8614 1282218299
8579 8585 1282153012
8601 8599 1282184984
8636 9785 1286243820
8667 15551 1362027199
8694 8712 1282531501
8128 8720 1282555637
8751 59227 1412884183
8788 8744 1284388293
8798 25763 1345257531
8736 7790 1285167205
8875 8850 1283320498
8882 8885 1283191689
8883 18693 1329927280
8913 32804 1368972328
8987 8984 1283550461
9002 9008 1283613381
9014 16080 1309361996
1673 5958 1283803269
9061 3277 1450858025
9086 51703 1402075143
9124 31036 1359567592
9126 9123 1284098125
4903 11244 1291289453
9220 9223 1284493854
9114 11255 1291320055
7979 18384 1320073297
9237 9338 1284853068
9304 37818 1374973809
9154 18823 1337124725
9301 9266 1284805057
9354 9372 1284971697
3655 9369 1284961668
9379 8870 1288900896
9431 9721 1285985878
9468 9470 1285273581
8363 7987 1295309469
6842 16888 1398285900
9569 9625 1285798135
6322 51778 1415081870
9661 27760 1353443128
9668 33643 1367586333
4019 9732 1286016601
9769 12835 1297231609
7540 9525 1286233115
9792 9798 1286261863
9776 18505 1318818823
9810 9807 1286318006
9818 9835 1286392631
9825 29294 1353562743
9834 73884 1432079794
9094 10977 1290299203
9823 9869 1286486033
9899 12047 1294296372
9926 9968 1286880671
9934 62446 1417522499
9712 9951 1286835277
9952 9913 1286837398
6588 7611 1288240478
3462 33399 1366851816
10050 10052 1287060892
10049 32630 1364593612
9565 18492 1318527268
10112 10104 1287295483
9458 12234 1297883599
10118 10124 1287342393
10155 10193 1287582888
10189 10386 1288250687
9858 20484 1326254579
10299 17719 1315692249
10204 13520 1299676445
10317 10343 1288125498
10327 10954 1290200264
10331 19191 1321057352
10453 10402 1288489785
10481 73395 1440549605
10549 10555 1288862837
10570 11964 1307159178
5115 10611 1289071724
10622 36233 1372632086
10679 16989 1313433540
10775 10928 1290113102
10849 12374 1295926752
10857 10887 1290042916
11019 15693 1321661413
11043 17565 1319511704
11056 26145 1346724415
10111 12998 1298095903
11094 20033 1332199705
11172 11177 1291092274
11220 13437 1299415373
11216 47573 1396415420
10712 15872 1318985664
11277 34716 1370551495
11291 8707 1311455553
11218 18305 1328530056
11498 11522 1292182704
11445 69133 1426164356
7409 11575 1292401998
11588 11601 1292469356
11595 26388 1347383429
11598 11778 1359176925
11629 12965 1297669874
2019 11630 1292571695
11745 15573 1307141962
11761 11730 1293006329
11662 11764 1293017002
11800 8941 1293175052
11262 15014 1306251802
11830 12132 1294675507
11821 11838 1293405702
19943 19905 1323868895
11974 11970 1294083332
8202 19881 1331962767
12082 18131 1327138883
12057 17489 1314931599
12126 21317 1328990537
11608 6770 1296321286
12605 25511 1411083328
4112 62253 1320337229
12187 12409 1298539860
6542 15308 1321313544
12242 64369 1419776783
10893 58171 1410736421
12249 12650 1296536727
12336 17987 1316655608
12341 41364 1384404797
12362 16371 1329248317
12377 12380 1295629038
12366 12389 1295671077
12397 12309 1296104648
12390 12361 1295820325
12484 84477 1450940172
11046 22490 1333073487
12520 12519 1296080912
12290 33256 1366405671
12601 32511 1364374449
12631 23648 1340859975
12676 12679 1296651104
12706 9516 1309271804
12647 19142 1344033315
12755 84788 1451700242
12763 12759 1296993795
12554 62178 1416807754
12774 25258 1342899561
12751 16855 1312982272
12803 43683 1433444210
12823 21626 1329958143
12824 12860 1297317447
12826 53211 1403309218
12843 41009 1381203861
12847 14335 1302697829
12932 12931 1297554019
8264 39536 1379651516
13054 37434 1378210164
13008 13064 1298068560
13072 13085 1298145871
13074 21067 1328177819
13108 17100 1313240512
12653 19664 1335569849
13144 13145 1298344938
13150 13154 1298368670
13189 13184 1298511854
13199 13121 1298518645
10306 61671 1415801082
13249 13247 1298693700
13245 19836 1323673023
12563 13307 1298958704
8379 7816 1333370480
13244 48067 1410219970
13278 13277 1298828784
13292 27235 1350499765
11938 18334 1322176540
13326 46433 1396476364
13358 18960 1320252615
11661 22892 1334371020
13393 16846 1312127639
13402 13394 1299262000
2189 78846 1441299072
13420 10148 1299307792
13475 16704 1311574253
13481 14771 1304801929
6429 15821 1333495533
13431 41262 1381708720
13547 5546 1300980534
13530 85140 1452650804
13559 27301 1350432956
13611 13608 1300013166
39843 66084 1427138334
13663 13413 1300221330
5043 56434 1406399434
13289 24313 1343354012
13718 19835 1323439466
13738 13737 1300461901
13731 80109 1442027894
13751 13755 1300517371
13787 41452 1416883602
13794 39042 1377296478
13799 13824 1300819747
13838 10777 1300856325
13803 42491 1383883088
13927 13331 1301185978
13948 14013 1301474959
13959 13960 1301336552
10304 13984 1301406386
13000 13978 1301390998
13997 37885 1375109097
14031 68347 1457141122
14049 13983 1301573427
13753 18805 1319680647
14148 14702 1307832676
13363 17271 1313890524
14161 14156 1302062541
14169 38998 1377235863
14170 30280 1356842749
14187 14241 1302462794
14226 68384 1453394141
14255 14260 1302517034
14266 54612 1404409631
14322 14325 1302679523
12027 46591 1408079691
14371 14476 1303126401
14362 15358 1306375967
14424 49673 1442409794
13384 15597 1307402217
13684 15445 1306701904
14468 14464 1303086310
2026 13874 1303139980
14481 14509 1303223076
14510 15423 1306593704
14512 22232 1332123260
14546 14541 1303311703
14593 14711 1303894881
14601 39280 1416377445
14621 17077 1313036019
14632 14644 1303625799
14163 18578 1318842213
14716 14288 1303964473
14794 19784 1323757359
14441 17735 1315807933
14788 15295 1306116745
14705 14816 1304279237
14689 12781 1304943437
14896 14098 1304635089
13506 87983 1456184608
14916 15254 1305929961
14940 2197 1305066165
14958 15040 1305190329
14976 33462 1367028724
15031 15794 1308161651
15032 22635 1342851305
15058 16395 1310522983
15056 26931 1349228540
15111 15118 1305461548
15112 15110 1305429950
15161 49461 1397186925
15197 80304 1442408275
15246 38750 1376792307
15265 13736 1305990370
15311 16058 1309288089
15351 66490 1422600547
15379 15427 1306690010
15331 15417 1306562820
15440 15435 1306688049
15443 12135 1306698315
15457 18317 1317863358
15463 15479 1306817087
15488 21962 1331176420
15493 16478 1310749339
13562 15520 1306963581
15604 60976 1414451137
14037 9945 1418284892
15638 27385 1350671461
15666 15900 1308600127
15688 15555 1307676153
15478 24580 1340792581
15728 17277 1313909121
15632 17927 1316473500
10972 15696 1307925609
15765 1199 1322239983
15785 15798 1308173027
15672 24565 1340159407
1043 15813 1308256895
15689 32988 1365652688
15630 19146 1320893019
15828 18961 1320357611
15808 54464 1403970445
15841 15839 1308322192
15843 41756 1401315613
15869 15863 1308448714
15882 16103 1309474104
15921 16910 1312338881
15931 15928 1308723110
10833 22943 1334605517
15951 1981 1309376631
15782 37656 1413833693
14744 19206 1321141814
16064 16066 1309302931
16087 11040 1315487923
16109 80168 1442022398
16120 26737 1397587849
16203 16142 1309947930
15970 30334 1357073274
16117 27365 1351364538
16275 16260 1310014641
4315 16600 1311284432
16386 16348 1310505489
16389 17228 1313696321
12637 21505 1336590292
16425 17682 1323051611
16504 38328 1375943696
16526 44747 1388230061
16511 16529 1311020195
16559 73874 1432093436
16557 85170 1452625127
16561 16013 1311076569
14941 29944 1355543986
16554 10776 1332892051
16673 16689 1311498611
15280 17217 1313661502
16144 16813 1311978371
16823 16399 1311994498
14304 16842 1312128659
16882 21710 1330502510
16948 16505 1312476660
16872 16447 1315298417
16686 16492 1312790934
17016 17054 1312981319
16937 5679 1318452882
14492 16155 1313102683
17079 17087 1313117944
17104 17069 1313132223
17085 30906 1359091143
17128 16637 1313282286
17022 38198 1375737766
17325 17345 1314146968
17255 25766 1351377434
17332 17423 1314465573
17377 34591 1370120074
17417 27574 1351311533
17456 17598 1315236725
17497 17495 1314774971
17492 22456 1332921290
11173 33542 1368044848
17539 17536 1314945303
17253 26620 1348017366
15539 21253 1328798835
17695 33221 1366310511
17705 17701 1315632183
16675 17791 1316019471
11555 9031 1316083381
17880 17878 1316281190
14499 17923 1316465046
10271 48647 1395676681
17980 18107 1317888394
17994 18006 1316741741
18000 30149 1356228372
18025 18012 1316814784
18048 55865 1443780243
18072 13947 1317063161
18168 18163 1317347129
18181 19254 1321309623
18184 21743 1317499573
18204 18353 1318002228
18241 18237 1317608429
18291 22224 1332088863
18313 19265 1321319865
18282 33730 1367833298
18382 18381 1318120484
18425 18441 1318320660
11528 18450 1318456331
18474 32387 1382054082
18478 12750 1321002720
11859 43022 1437324682
18534 18579 1318853615
18630 18626 1319008914
18645 74634 1433622371
18702 27976 1382924962
11978 20085 1324420385
18749 27712 1351883942
18757 22001 1331287355
18768 66155 1421791888
4566 21237 1328756415
18810 33467 1367480969
18818 18861 1319844173
18836 19145 1320889627
18839 20136 1324640053
18957 48458 1395252283
18996 18995 1320353573
19012 54267 1424828399
19047 19209 1321147158
19051 45288 1389895023
19115 19150 1320897292
19132 19152 1320898080
19172 65819 1420877611
18910 38172 1379988838
19203 16131 1321112857
19216 48161 1394717045
11733 24393 1339538103
18349 25035 1341997142
19318 21636 1329965423
16054 19500 1322195666
19378 21528 1330216309
19425 58944 1412298465
6628 30322 1357097429
19693 19697 1322885918
19774 22712 1333783609
19821 50244 1398934148
19889 17898 1323941955
19959 33871 1368198435
19945 20137 1324648582
15235 30164 1356327320
20063 20086 1324410198
20067 15695 1355879967
20070 19076 1324342669
20073 17528 1324346903
20114 20111 1324541860
19731 21069 1328233934
20146 19730 1324716347
16380 20258 1325305102
12766 17623 1325010168
20208 20212 1325046272
20254 20247 1325191660
20260 20255 1325206964
20272 47778 1393996492
20417 18942 1329234430
20506 20867 1327471986
10847 32577 1364428429
18589 29480 1354234765
20626 20629 1326752038
20696 20778 1327164311
20709 74631 1433561944
20732 20806 1327612519
20768 22247 1340686910
20852 20812 1327423334
19113 37373 1386696014
20886 22343 1332490806
16716 20922 1327681493
21002 13980 1327990668
21019 21007 1328020997
21025 21020 1328033168
21082 21070 1328228181
21028 7183 1341914586
21183 21182 1328577961
21202 21233 1328740050
21256 44980 1390426952
18044 27497 1351049809
21325 75949 1436690471
36952 57323 1408581963
21437 36812 1373499614
21435 9164 1329500007
20740 21445 1329432888
21480 21504 1329588414
8756 75130 1439027579
21498 21557 1329719369
21536 20798 1329676422
21538 21545 1329701319
21576 21680 1330126276
21601 24461 1340313500
21606 10235 1415882377
21622 21621 1329946967
21619 21759 1330408619
21252 36035 1452297499
21734 22500 1333068171
21785 24024 1338212028
21816 36441 1399337314
21825 22022 1331331620
21885 37415 1374388504
21995 21969 1331287256
11444 24053 1338291625
21985 62554 1417657460
20099 22024 1331338202
22036 34746 1370616325
5697 27201 1350121413
22083 22080 1331527221
21810 25730 1345210344
21925 22196 1331957326
22094 22295 1332361704
21753 78041 1439396125
22191 22199 1331961245
22204 27590 1351369301
22215 26192 1368683995
22237 27659 1351553987
22250 22349 1332200123
21265 22252 1332208618
22256 21429 1332516994
22268 24139 1338542186
15187 22376 1332761289
11437 82245 1447195806
22450 14218 1332904852
20325 22451 1332910397
22501 22510 1333088469
22523 22522 1333139096
22530 78294 1441296259
22326 24501 1339949344
22447 22385 1333751826
21884 31744 1361872724
13946 22700 1333751216
22830 22829 1334189700
21762 57656 1414182795
22906 22865 1334440006
22907 22916 1334474008
22925 48759 1395847991
19510 22969 1334677754
22977 22313 1334696770
22984 23150 1335218550
23021 23018 1334797732
23075 23083 1334968750
21697 49731 1398130758
22339 56179 1405752495
23200 23181 1335374427
13092 10448 1346498377
23229 23238 1335486906
23232 54320 1403645186
23237 23740 1337152034
23222 12586 1336434494
23288 23306 1335728378
22516 67018 1423804501
23398 23397 1336005824
23434 39948 1379105725
23504 73755 1431815752
23520 23523 1336448470
23534 25904 1345778878
23540 38433 1376117603
23584 23582 1336632896
22338 24446 1339689857
23743 83812 1449749680
21201 27279 1350357848
23578 24333 1339488135
23804 18264 1337414531
23812 22572 1337446909
18308 23810 1337481492
23856 23855 1337637934
23870 16666 1337697775
23913 49223 1455424589
23762 23948 1337962799
23982 24016 1338178527
23991 23986 1338099630
23993 24682 1340609557
23976 24035 1338245525
24034 44099 1386904792
24048 24042 1338274389
24074 23164 1338349466
24043 24112 1338442013
11781 49223 1448328450
11599 27714 1356666585
23980 30147 1449892284
24192 30155 1376545901
24224 82709 1447361820
24233 75210 1449265349
23373 24408 1339601663
24383 24379 1339513173
24394 45045 1442175113
24401 15004 1339558109
24444 24430 1339688840
24448 59033 1412460008
24502 24715 1340811339
24547 24853 1341311301
24554 28043 1368800293
24442 26082 1346366670
24640 24636 1340404501
24641 12081 1340738024
24645 24670 1340570129
24271 81900 1455733999
24661 24711 1340776966
24700 24695 1340680288
24781 12849 1371585030
24796 26517 1348288533
24798 44152 1390272960
24820 49825 1398095049
24844 24843 1341277089
24864 27552 1351242807
24978 24980 1341773179
24979 16941 1343413605
25033 23013 1343278194
25054 42400 1383846469
25101 25244 1342833382
24952 25127 1342386452
25146 25184 1342577665
25156 25166 1342505850
8775 29357 1361666752
25247 24854 1348485735
25257 72268 1430662161
25311 23064 1449026970
25312 25097 1343175801
25243 25248 1343379361
25390 26052 1347397109
25476 25460 1343894922
25484 25552 1344272969
25105 25497 1344053487
25530 25560 1344299224
12585 82573 1447122237
25740 36836 1373428737
25791 41303 1384227192
25792 29973 1364473454
25799 26202 1346795156
25807 27220 1350711498
25852 25935 1345871754
16464 36262 1383764390
9271 11527 1346427109
25956 25954 1345992139
25985 24787 1346077655
20550 38331 1402979656
26009 26030 1346250597
26041 26354 1347297692
26085 61944 1425937447
26152 25665 1346617704
26200 26194 1346793942
26286 29724 1354815956
26265 52877 1402520234
26300 26291 1347104057
26273 67031 1425769023
18338 84656 1451403250
26352 22315 1370525070
890 74492 1437507950
26397 26400 1347401343
27328 40637 1380474686
25051 27188 1350101864
14967 75536 1442609168
26656 26594 1348130106
25414 27381 1369320980
26220 26630 1348151784
26700 48449 1395237503
26847 82171 1446330797
26860 26901 1349032175
21136 36177 1381800884
23902 50893 1400848115
7712 27016 1349486536
27049 27042 1349566320
17509 68847 1425605797
27189 18180 1350582903
24119 27957 1352484484
27287 26580 1350401508
27380 27375 1350662972
27417 27412 1350824188
27402 27486 1351026768
27441 27457 1350942218
23874 30904 1359090357
23689 27222 1351055881
27576 22468 1351313072
27588 27586 1351366553
27433 50693 1405735516
27637 34714 1371044857
27681 27677 1351600313
27704 30530 1358223894
21155 32570 1364413608
27761 27118 1351878643
27770 30971 1359400769
27781 27789 1352516620
27828 50237 1398916914
27773 19850 1352131769
22073 30628 1358153078
27941 29762 1355005157
27960 28106 1352952678
28069 28068 1352841249
28070 78762 1441101057
28147 28159 1353116645
28151 28200 1353266787
827 30555 1357937397
73967 33904 1380790829
27895 15566 1360746715
29283 34519 1370175019
23252 42567 1384102508
29309 29315 1353620686
25202 30144 1356220740
29353 29340 1353732234
29404 29432 1354146719
29413 29549 1354326626
22217 43335 1386299529
29482 24151 1354215785
29500 83898 1449721982
29543 28141 1354329673
13542 82504 1447913998
29600 29587 1354519109
29591 29680 1354689135
29617 29624 1354565425
29611 32639 1364621460
29634 30203 1357955224
29667 29547 1354670486
29671 27305 1354678997
29661 60556 1428017079
29663 20586 1367809419
29777 29770 1354988854
29797 29784 1355083656
29893 29891 1355375486
29911 31010 1359504270
29968 30926 1359165847
29980 36373 1372817279
30004 66282 1422070373
30026 20527 1358283852
30041 30040 1355820806
30038 30066 1355890563
30058 30304 1357538350
30087 30077 1355948344
30096 30092 1355964593
30116 49887 1403779266
27736 49656 1397660070
30184 24963 1356380406
30194 27002 1356408037
30172 48958 1396494238
26069 66777 1445966412
20311 41581 1382265449
30209 38379 1377214001
30252 39142 1432067251
30267 33792 1367973271
30342 21663 1357104444
30375 61526 1415562310
30480 30598 1358310745
30554 30545 1357878589
30376 30595 1358038987
30618 30808 1359098484
30662 30638 1358252742
30685 43166 1449510035
26756 30916 1359155830
27932 36085 1372470724
29273 56320 1406092068
21271 36752 1387579136
29444 30263 1358963271
30868 30855 1358980554
30933 30943 1359224795
30997 31020 1359522145
19684 39635 1378500623
31164 31162 1360023819
20105 37017 1421977847
31301 31300 1360443697
31275 31607 1361407994
50650 31512 1361648776
31421 35180 1371834020
31424 40542 1380240367
23228 68294 1424392187
31524 13095 1369556223
31530 32008 1362670334
31549 26925 1361568494
29738 31533 1367293978
31622 31963 1362527636
31715 24620 1361769084
31721 31718 1361772490
12055 25514 1368488303
31751 69909 1427765220
2306 31752 1361914464
31818 41604 1382312847
31864 31939 1362546672
31931 16714 1362448267
31937 76377 1437770278
31495 54529 1406489352
31978 31006 1362727272
31990 51383 1401352306
32010 32007 1362663637
32083 27805 1363043071
32143 20726 1363132214
32142 32163 1363192497
32057 53094 1403063515
32197 32216 1363333760
26510 24930 1363571112
30525 49954 1398366697
32463 32462 1364097919
32474 32472 1364127898
32483 32749 1364913146
32526 41513 1382134020
16852 37703 1387219668
32436 32644 1364643322
32602 19928 1364504160
36186 32599 1364663432
32720 15019 1364856267
17508 32847 1365201158
32871 37786 1374890679
32882 33905 1368384402
32907 32869 1365411021
32910 32905 1365424158
27445 67011 1423737671
32999 33367 1366751931
33013 33004 1365700925
33032 68799 1425495718
33041 31821 1365763925
33091 33083 1365943632
33058 33122 1366054760
33209 76083 1436993486
33254 33269 1366428490
33291 33289 1366556758
33090 45570 1389976737
33481 33479 1367089203
33518 57615 1412759260
33538 83295 1448567861
33616 33614 1367499292
33631 33604 1367540982
33648 38799 1376872707
33664 74494 1433313740
33666 33711 1367784636
33749 33745 1367882732
33751 33765 1367904828
27219 72287 1440185564
33640 61299 1429952850
33858 33912 1368325539
42411 41219 1383784229
33974 33960 1368568684
34008 34007 1368624988
34011 66475 1422568693
33835 34534 1369924909
33852 34314 1369474185
4422 34157 1369082576
4836 34268 1369283268
33757 34717 1370656395
24482 34177 1369434446
34154 34430 1369701014
34436 57680 1409567532
34511 34743 1370605500
32185 56095 1405599417
34544 84208 1450475346
34598 34568 1370161559
34687 34573 1370462133
34692 34721 1370560545
34707 34345 1370539648
34719 68790 1425494038
34671 32830 1372987377
20418 34755 1370636579
34777 34875 1370993252
34858 34976 1371256403
34870 34767 1370985078
31603 86358 1454906963
34726 38032 1375357791
34978 23795 1371260085
35074 35065 1371580493
19456 35079 1371590825
17243 41577 1382578085
35098 35405 1372173524
35810 26342 1379715704
35745 84528 1451162813
11152 35875 1372352593
36014 58913 1412256169
36099 36063 1372480249
36162 36826 1406093151
35468 36545 1373004861
36506 36865 1373474977
36591 73982 1432295127
30909 36605 1373112603
36619 88440 1457001628
26012 50427 1425713305
37087 37104 1373863539
36450 37618 1374623231
37259 50752 1400043096
37308 37320 1374202651
25700 38926 1378310346
37410 37400 1374327329
37394 38393 1376067036
35800 37024 1374550446
36110 39492 1378993835
37849 37891 1375116248
37843 47245 1393000014
38190 58051 1410424434
38297 38283 1375894232
38308 57103 1408015179
38324 81636 1445181466
38337 38330 1375956400
38375 37803 1376002211
35433 38402 1376061613
38435 38445 1376123143
38610 39289 1377767437
38852 61367 1415214344
36155 46845 1392197207
38965 57321 1410385678
38971 38521 1377201249
38654 44293 1393283186
33544 39177 1377575979
39380 54541 1446065815
35872 39589 1378407987
39677 26349 1378949450
39758 44326 1387335719
39885 43949 1386714462
39883 44868 1388685076
40116 40074 1379445624
40087 33878 1393875768
40133 40138 1379476188
35733 49598 1397523620
39428 57941 1440731729
40368 69584 1427128042
40437 40421 1380061430
40472 42547 1384255485
40502 45431 1389565059
40595 40589 1380366140
40671 40654 1380537067
40659 42091 1385755644
40748 40752 1380686058
40779 64203 1420450224
27400 45063 1388966921
40924 86429 1455045931
39915 26401 1381132564
40995 40933 1381173161
41051 80160 1451622771
40038 36622 1449942609
41140 41064 1381441283
41258 45979 1444833166
39485 42545 1383981626
41401 41410 1381974276
41438 41455 1382058309
19126 76745 1438699510
41514 45658 1389988562
41596 27358 1382301074
41590 57280 1421178031
38052 70211 1447949549
41818 41771 1382671252
40439 46997 1392737617
39684 62347 1420424289
12604 42317 1383611870
41916 48489 1440579264
41997 42232 1383438560
42004 81320 1444535101
42038 42642 1384205040
42059 42355 1392550879
39351 69497 1427132201
42346 42340 1383644119
42261 75921 1436651128
42375 42373 1383699681
42384 54349 1403715273
42483 41802 1383865013
40835 65937 1423819276
42488 16146 1383871215
42513 19370 1383906560
42693 41704 1384305168
39939 58913 1412256715
21124 47533 1393498641
42851 81847 1445672339
42944 42945 1384841698
43014 14555 1384959323
43060 43190 1385321964
37212 29876 1385130632
43198 36622 1425538843
43129 37158 1426567946
43222 12122 1385373412
43265 80315 1442372365
43270 47893 1394176695
43309 49089 1396584425
43324 80361 1442470899
40723 84772 1451651361
13917 37893 1406335074
43478 31866 1385807117
14563 17386 1386394695
43560 65937 1445653512
43735 43738 1386306389
43796 44565 1393378204
40349 51325 1434861918
43938 13748 1386853420
24642 47752 1393962213
44115 44906 1388814615
44162 41612 1429071038
44255 48140 1394657871
44363 44349 1387416721
35706 41255 1389865003
44547 44464 1387725180
44596 44592 1387846852
44620 44602 1387892299
39853 44667 1388028642
44729 44678 1388186992
44763 44771 1388298517
44790 68582 1454854156
36098 58488 1427106875
45000 50417 1399388272
45145 52933 1402658435
45212 69665 1427362597
45214 45356 1389400279
45615 62709 1434377178
45116 54330 1403680210
2937 48029 1394456764
45746 38249 1390888109
42542 44979 1390269099
26038 45733 1390370295
45868 46660 1391784680
46167 27790 1391035414
40640 60602 1413547640
45947 41928 1441815555
46291 46292 1391287888
40109 45915 1391409607
46424 46929 1392355836
46461 46326 1391463111
46464 59377 1414625162
43701 8329 1408534061
46626 37687 1410412962
46889 41235 1392271963
46747 63936 1418566209
46903 16507 1414598182
46987 59348 1412984162
33156 50903 1400345713
47136 56839 1407382663
22079 46599 1392805303
47189 56972 1407937871
43138 75682 1441259535
47260 47593 1393713038
47269 47279 1393062429
47328 47347 1393213062
47365 47224 1393239480
47373 47368 1393260263
47482 50262 1399666806
47469 47369 1396178877
33804 75826 1443730731
31724 62674 1454456449
47925 69226 1427466806
37433 48255 1394840924
47999 47094 1394382702
47964 50157 1398748179
48096 59303 1455858581
40014 47971 1394634732
47499 62762 1418108882
39874 42292 1404969302
48273 48296 1394916782
48366 48391 1395100796
43172 49031 1396916037
39537 88568 1457221097
46785 38114 1399392268
48505 48504 1395342452
37612 67034 1429556614
48547 68219 1432024992
48609 65857 1420969886
34464 49013 1396408622
48772 48760 1395887675
35486 59209 1426645769
48814 47772 1395951054
48851 48903 1396152889
42598 74456 1433226512
48831 75158 1437612940
43672 48944 1396326608
36604 76417 1439712342
49045 50651 1399747156
49117 56234 1405924697
48519 80127 1442010678
1759 74264 1432817382
44137 50447 1399406007
48954 49266 1396901832
49406 49409 1397098105
38807 76241 1437541624
49492 64564 1420273989
36985 49044 1397344837
36221 68526 1424914383
45600 68910 1453472014
45740 50937 1400403111
39954 84179 1450325013
48408 50662 1399771848
46677 44937 1397793944
47345 68730 1425352812
49849 52957 1402696597
40932 69419 1426774125
47897 51492 1401650628
49919 51542 1401781785
49936 49928 1398326444
48790 49990 1398400573
50066 49203 1398610585
50064 76255 1437449298
37777 50086 1398653655
50128 50133 1398729480
50164 50163 1398758104
50265 23272 1406233452
14972 80388 1442556326
50355 50353 1399221507
50388 50993 1400529307
43056 75290 1439720076
41322 49105 1399573463
50560 51415 1401820453
38068 50606 1399675644
50610 76105 1444237665
50655 50739 1399954708
50667 31814 1399780306
50685 29337 1399848283
50721 31888 1399934302
50793 74773 1433949271
47396 80267 1446339034
50673 73791 1431976508
50886 37582 1400880567
33646 51244 1401089930
51389 62334 1417236128
51414 50442 1401423693
48562 85181 1452748861
51537 24551 1401758873
51525 57129 1412364810
50068 82544 1447051247
52863 68708 1425323514
52871 60766 1414088199
52918 78484 1440455457
38966 68866 1425655849
53012 53008 1402875240
51632 57241 1412221745
53064 47090 1406951928
15860 67193 1431359649
53127 70150 1428217736
54240 47301 1403383466
44590 61055 1414620436
54395 54380 1403812245
38416 58042 1423461076
54441 86484 1455231639
42804 61091 1414694914
54524 75826 1442522034
53000 21035 1404252584
54628 78647 1444402802
54430 57641 1409442436
54667 56885 1407953579
54668 54718 1404677539
52843 55971 1405288424
50658 32968 1407206741
56158 58585 1412218681
55889 56340 1406138568
42636 56671 1406965979
47264 59178 1412740495
56827 56873 1407475050
56921 56859 1407618760
36477 57010 1407819329
57021 62560 1449863385
57161 57159 1408128155
57256 57245 1408410870
56995 45340 1408470541
57285 54403 1424562416
57291 69709 1427432792
57020 50746 1414010698
51335 59203 1436616806
56910 57668 1409528989
45027 57368 1408895426
57428 58669 1411766101
56292 61515 1417377700
57467 39419 1425770103
57544 80774 1443632095
57858 57518 1409881875
57872 57871 1409931109
57425 39015 1410186215
48067 56287 1410330012
52833 52833 1410238599
47484 57973 1410275527
58017 58014 1410331914
47855 69534 1426989070
57975 58356 1411072211
54245 64390 1419833107
54245 84012 1449904148
58018 52811 1449520308
43088 64203 1419228988
48826 48826 1414191804
58171 57992 1411506625
58203 70593 1432162210
58203 36254 1432162712
31055 31055 1410838551
58271 58112 1410926744
58340 59203 1436618377
58395 65864 1420987876
58439 25692 1411251328
41777 59245 1412810180
58499 64365 1419750134
58559 58559 1411576083
58628 62791 1418160590
48094 69320 1427327709
13514 58784 1412189941
58718 61965 1416449345
57448 64354 1419722153
58952 68473 1424823948
58947 59021 1412447632
59043 59046 1412497749
59056 58745 1412588056
59189 59189 1412826376
59200 59196 1412717895
41452 62787 1448645365
57571 64067 1418860902
57571 61960 1431703914
59256 48857 1412804419
59292 59292 1413187501
50563 59298 1412901724
59294 56449 1412908118
58125 74880 1434121792
36146 27870 1415921768
60602 59115 1413548438
59115 60863 1414186508
60603 60708 1413864529
60651 60682 1413936819
60732 88188 1456525172
35873 43195 1414146789
60960 26355 1414424332
60984 49739 1414468917
60984 61420 1415436124
37840 61077 1418324265
61106 61107 1414787724
58141 45285 1415153563
61235 61235 1415059081
60491 60480 1415172209
61328 58888 1416017375
61411 61411 1431246322
58975 58975 1428018010
61494 61520 1415543695
61504 61489 1415529834
61349 45979 1420458185
61709 68579 1425466071
27870 84404 1450904184
61783 61783 1416534264
58888 62800 1420242429
61860 61860 1417028925
61472 49129 1429529930
61894 63957 1418887160
61960 87669 1455539576
61966 36997 1416397910
50309 84849 1451879521
43715 43715 1416590965
62113 62113 1416715416
51478 51478 1439219222
62279 66650 1422942348
62310 60814 1417142688
46290 46290 1445986635
62412 61743 1417391415
60535 57713 1429490030
62466 62384 1417507641
62471 80115 1441913817
60439 60439 1417572945
62562 60589 1424824230
62562 70313 1455112301
62647 79986 1441617334
62639 62639 1445275928
62356 55871 1417910007
61506 55866 1425746772
62813 62813 1418232626
62810 70684 1429393353
63869 73658 1431952683
63981 66721 1423702985
63943 51134 1418714498
64028 84249 1450377122
63957 82111 1446192931
35899 64163 1419086012
64163 59011 1427173367
64231 64231 1420434802
64252 64499 1431995299
64253 64253 1419408885
64003 82307 1446617994
63958 63958 1419723267
64355 64194 1419725476
64194 81206 1448130975
62195 66134 1421721728
62195 68708 1425702184
41757 66044 1424055954
47116 47116 1430177849
64534 74044 1432440527
61461 54656 1423194988
64704 64704 1421999540
65801 69991 1427982723
65820 65820 1421204624
65878 45707 1440020998
65878 84846 1455590335
65787 65787 1421120345
56617 72273 1452093218
65954 65954 1423202344
65975 83033 1448062876
66047 65916 1421457898
66130 66130 1421903275
66216 66010 1421935530
58424 64413 1422404439
66413 66413 1422514244
64556 66369 1422456785
64556 84182 1450484984
66084 66425 1422475405
66393 74895 1434139162
66133 66133 1422514681
66461 60913 1422544709
66513 33129 1422642989
66678 68773 1426139680
66678 20562 1427002121
50324 50324 1423160111
66682 66693 1423090201
66721 22591 1423110602
56668 67018 1423752523
43849 66444 1423465723
43849 66993 1423723581
56926 68366 1429641516
10668 10668 1436353617
67107 72327 1431119946
67107 75853 1438614896
67036 67036 1423960640
60986 74129 1432611640
67118 76004 1438807046
57977 36758 1424351965
68279 47228 1433012520
68356 52936 1424612383
35394 70126 1428605954
35394 30147 1449852716
52936 85059 1456787887
68411 68410 1424675252
68411 68401 1424678367
51223 71116 1430362695
51223 65899 1444159736
45188 69452 1426822874
68572 68559 1424997227
45505 45505 1425112444
54797 54797 1425527925
68722 69757 1427534991
68746 25505 1425384035
68779 68777 1425437296
46907 32812 1425637993
64248 64248 1425678708
57088 68953 1425864352
39419 68974 1425904931
66638 62656 1425856662
68981 69216 1426352901
69091 72317 1430779757
37266 82006 1450659630
69214 69214 1426368825
69067 69244 1426418990
66323 66321 1426393791
69244 70270 1428654006
59011 69546 1427167547
69443 69463 1426839831
69466 69642 1427235950
69470 69371 1426927913
37942 37942 1428589054
46681 70873 1429804214
69525 69525 1427471328
35927 69559 1427159878
69558 74913 1434169434
69558 74597 1434283976
69709 69335 1427345928
69665 19431 1427364101
69775 73500 1431202024
69775 85294 1452882044
69556 84088 1450073548
69902 62190 1427756337
27058 69868 1427767663
61532 44192 1428952805
69940 70295 1428538394
69949 69887 1427840747
69949 80739 1443311576
69974 76565 1438238186
70008 69895 1427941172
70247 66034 1428439737
70380 58456 1433901650
69586 69586 1428716043
70404 46719 1428754693
46002 16710 1439011280
70461 73972 1443446200
70453 70453 1428995987
70508 70508 1451132906
69851 69851 1429030500
45653 75274 1452046669
70572 11010 1431058740
69542 69542 1429298621
39142 56620 1450748370
70760 70858 1429758147
70853 86491 1455151380
49673 73680 1438564520
66288 72273 1430791378
70856 70856 1429856176
30178 71070 1430210781
71117 70494 1430302250
68599 68599 1430701729
71166 71182 1430432483
71171 74404 1433116134
71218 82176 1446632757
40272 71200 1430629788
73430 69540 1434384819
45707 78386 1440146011
73467 75449 1435474469
73500 73900 1433112391
57784 57784 1432993039
73756 4435 1431818116
57982 57982 1440445190
39374 73842 1432017377
73879 42993 1432076474
73879 68248 1432350427
73938 73846 1432362282
73972 61069 1432382488
74027 74027 1432436257
74161 74161 1433167882
74281 74359 1433033677
74307 74307 1457244188
70464 76211 1437369645
35652 69196 1433133297
74448 64314 1433212611
74459 74459 1433234494
74463 74240 1433246901
33725 46856 1433664386
70621 70621 1433753723
74683 50302 1433738844
74763 74762 1433883686
70313 34481 1434024774
74773 85651 1453945314
74794 74858 1434418367
43022 75341 1435162981
70654 70654 1434226635
75053 75096 1434543112
75065 43000 1436128872
69977 69977 1444909256
75187 75185 1434733229
75114 40232 1435475117
75227 75219 1434870873
69613 69613 1438201268
51505 75158 1435099814
75274 73660 1446345763
66016 66016 1440540398
37389 75549 1435707335
75549 46921 1442852970
75290 76570 1444647207
20200 75693 1436044642
75616 87711 1455664071
75660 76335 1437651478
68208 75816 1436343944
75698 75701 1436089636
75693 80216 1442177823
75685 36185 1444273227
75685 12283 1445206746
27467 75940 1436659947
75795 74842 1436316692
75321 75321 1449550386
75818 75830 1436396974
75572 75905 1436983190
75853 60693 1438585537
15505 47044 1456033421
76060 48278 1436929417
76060 79906 1441414805
76105 76103 1437025895
76106 76106 1438437403
76115 80034 1441737169
51290 76259 1437451355
76102 76102 1439697822
76189 75058 1437262065
75933 52811 1455592251
66877 76128 1437609182
76359 84608 1451329796
75426 75426 1439733836
76412 81632 1445166054
69275 76462 1438025012
76454 76454 1438027860
76483 80747 1443326534
69331 69331 1438111324
43593 43593 1438155490
76501 76501 1450002468
76633 25369 1438383040
76541 80242 1442212259
74045 75246 1438796830
73784 84243 1451815342
76875 76590 1439001750
16710 86258 1455481175
77923 38816 1445728177
77923 85395 1453064582
76894 77945 1439384030
78100 78100 1439430608
78148 78148 1439489427
76500 78254 1439843138
54761 78256 1439844786
78262 78262 1446219381
78301 78294 1439935918
61682 40263 1440055362
40263 82420 1448999545
78386 78416 1440214581
48489 78375 1440494142
78535 70019 1440971415
78417 78417 1441008075
78738 78726 1441052815
78756 78756 1457255904
77929 54789 1445117170
79906 82343 1446780459
76698 76698 1441819400
75719 75719 1441621814
73785 73785 1441847473
80085 80092 1441863454
78554 78554 1449943448
80173 80090 1442132883
80186 80186 1442078583
78871 78871 1442226811
46936 80276 1442402426
80304 86273 1454712247
80361 82538 1447055675
58664 58664 1442616167
76352 82209 1446452054
80449 78164 1442679666
58688 84179 1450243693
80559 80559 1443048646
59215 59215 1443169614
80675 38943 1443164288
54263 83300 1448670002
69932 80885 1443633830
80886 80886 1443741215
80710 84966 1452576750
69505 69505 1449076423
80925 81090 1444102761
81044 81148 1444193719
81126 80791 1444168231
74411 74411 1452868922
81174 81177 1444248054
74274 74274 1444357174
81258 19927 1444403089
81135 84419 1450784898
81311 81776 1450614393
81305 81305 1444582415
76506 76506 1444743192
41585 88516 1457107181
81368 81838 1453408995
81309 82497 1446967533
12283 80940 1445202295
81607 86172 1454561744
81746 56222 1445430971
81854 16302 1445660286
6671 86093 1454435072
66777 83625 1450385444
82010 81925 1445979388
19341 19341 1449121145
82201 82201 1446438776
82179 84144 1457016770
82230 82230 1446506823
70693 70693 1446686988
80247 82739 1447434792
45451 82436 1446911439
82500 54783 1446976774
54783 85835 1457162871
82504 82491 1446989160
82560 68203 1447097191
82627 82627 1448225858
66731 66731 1447225064
82666 85529 1453386609
81220 81220 1447462770
76736 82724 1447726050
22491 22491 1447592036
76238 83374 1448751404
82814 82802 1447638962
82843 75500 1452000978
56578 51327 1447815401
82434 82434 1447872656
82938 84044 1454718291
82852 82852 1448932371
82840 82840 1456183747
83022 84433 1450827038
83236 83236 1449815895
81605 80376 1448560127
75786 75786 1448624180
81645 61075 1448730411
61075 84439 1450837154
83366 20796 1450382423
83409 50609 1448934014
83598 57888 1449178290
57888 70015 1453930166
83783 62032 1449531294
83971 84556 1451162175
83997 83997 1449887017
83581 84351 1450639436
84415 84415 1451111298
76600 87890 1455915452
84404 37681 1451087784
84475 84499 1450979377
84490 50860 1455280903
84526 84543 1451112245
35397 84604 1451305925
84557 84558 1451696670
84390 84390 1452001754
74300 74300 1451475897
85022 85022 1452465555
84955 84955 1452353737
51450 68232 1452722137
85239 50868 1452810012
85369 31058 1453018636
85386 82691 1453034954
83671 83234 1454540257
85379 85586 1453469438
85554 83501 1453441127
85570 79911 1453445728
85570 58993 1453531811
85550 85550 1453483274
85711 85211 1453937513
85099 85160 1453824167
85801 85801 1455905585
85130 88210 1456980313
81414 83186 1454443114
84919 84919 1454500531
86142 86142 1455769807
70229 87969 1456097963
86429 87778 1455689679
86465 77998 1455119240
51178 86581 1455455214
86661 55853 1455501699
87777 80736 1455688698
86100 74936 1455720339
87910 87902 1455945382
87940 87940 1456187165
46135 86577 1456195473
88104 38854 1456513804
88133 83225 1456402163
88166 56362 1456458529
88277 88277 1456761576
88153 88153 1457040657
88505 88505 1457130931
48476 88291 1457154113
