28 378 1255614319
19 44 1254646376
44 54 1254620745
56 2988 1262635522
85 679 1255921936
85 10462 1288552392
97 9582 1285711794
132 1544 1257646320
151 2869 1262061230
204 164 1255309473
164 213 1255313425
211 31272 1360597463
910 1057 1256614645
986 76 1256086857
401 401 1350142366
182 1065 1256357637
445 107 1257517859
445 45631 1418864742
436 1273 1276186219
423 648 1255894394
539 1327 1260880034
539 8786 1283049578
467 590 1255848878
550 1163 1256596361
550 61817 1416087452
538 562 1255831472
570 5483 1271932698
570 7738 1280871583
587 80022 1441713709
621 702 1255944053
621 11280 1291376951
669 12090 1294475739
98 1938 1261205501
687 4747 1270177633
704 663 1255944902
663 1093 1256488411
734 3692 1364587992
772 18283 1339751128
178 1733 1258096231
773 779 1256018652
342 1086 1256701316
342 2805 1261828015
109 1800 1258751830
836 860 1256120056
851 835 1256108542
873 878 1256137541
885 6854 1283030837
887 3533 1264459676
180 22877 1334313477
911 55 1258585323
911 4488 1268123961
598 928 1256180285
928 931 1256180842
962 1170 1282955149
984 3552 1269099156
984 11806 1293218428
892 66847 1423358831
892 66929 1423609962
996 1494 1257417175
997 1844 1261534619
975 4043 1266404393
825 1735 1263348534
1013 1071 1256368939
1027 11502 1292297282
1027 39836 1452031235
1034 56669 1426677731
1035 1799 1261203433
565 565 1257814572
1058 20584 1449693330
5771 5395 1272803232
1068 18089 1321655083
1086 7093 1280449821
1109 4682 1270611862
855 1447 1257506095
1054 3819 1265414001
1142 1460 1258671517
1142 18410 1355506053
838 4199 1267026761
1158 5112 1270805588
1165 65841 1420925726
1185 10323 1289092298
1185 10609 1289092500
146 16336 1310271038
1202 1566 1258549303
927 3885 1265613866
20584 1178 1256970590
1216 1258 1256783299
1182 5260 1270891072
1182 21136 1349315229
1268 686 1256809753
1265 54609 1404858603
1272 1272 1278711794
1274 1276 1256846388
1274 1354 1257443011
1313 3285 1263619302
2258 2258 1257052608
1104 2929 1262364162
874 5780 1272847875
1363 1363 1301028930
1386 18004 1317051584
1386 23079 1334955977
1354 1393 1257213278
1403 4420 1267908852
1401 1308 1257243454
1401 76521 1438131978
1404 15449 1319432561
1120 1535 1260521586
107 1429 1257289315
1442 1471 1257364975
1447 1927 1258682210
805 21007 1328046880
805 37003 1398458679
1460 8294 1281444632
1496 3410 1264038259
1214 1519 1257468649
1525 2205 1259724827
1526 1518 1257480815
1172 2730 1261822408
1172 75420 1442039514
1555 3888 1272044223
1570 1577 1257594497
1570 62635 1438232275
712 712 1418960388
1594 6099 1275439681
1629 1626 1257805480
1643 7200 1282436648
1664 45546 1389766510
936 2034 1259002541
932 3682 1265013115
1364 2120 1259378751
1684 23884 1337734415
300 69747 1452088241
491 868 1285340573
491 8162 1289916261
1627 1827 1258358123
1627 5461 1271716217
1692 1714 1258050168
1020 12059 1294356723
1713 1724 1258135693
1722 37338 1374282998
1724 5739 1272622683
1743 5068 1280312080
1761 2322 1260046616
1772 2611 1260932442
1770 8846 1404019420
1779 1780 1258182499
1782 1983 1260499182
1791 3907 1266124261
1455 1794 1258258514
1455 18783 1319616897
1799 10335 1288224928
1810 1796 1258281226
1823 1879 1258544296
1825 19860 1338453315
1837 3291 1272235493
1846 1591 1258421471
1857 76845 1438926932
1865 1864 1258504685
1884 1977 1259717282
1884 3844 1265512922
1886 2226 1259772717
1915 15474 1306795432
1927 6719 1277904378
1928 1987 1258787038
1937 12292 1295378706
1948 1949 1258693508
1948 76057 1446192417
1960 1960 1258734568
1966 8457 1296818818
1979 3000 1268291958
1977 2451 1260393698
1938 6935 1277114130
2023 10761 1289517873
946 9292 1284788603
1956 12531 1296114416
2096 4536 1268287942
2099 2102 1259297042
2110 2238 1259743273
2110 2081 1277192040
2093 2128 1259400068
2093 2140 1259443660
2113 2987 1262765676
2113 3267 1263606602
2111 2121 1259390831
2117 2657 1261105208
2117 19322 1454083730
2122 6710 1278321211
1134 2446 1267138977
2181 53100 1448022023
2205 8165 1280993770
2226 2232 1259728483
2223 13967 1301351588
2274 18765 1319562892
1930 10220 1288128498
2224 2482 1260483694
2286 3052 1262918309
2327 4625 1268921397
1876 3565 1264579543
2329 37216 1375569176
2259 448 1285884521
2360 9932 1286854251
2360 10246 1288938422
2370 2357 1260230245
2357 8123 1280867427
1173 69371 1427262673
2381 4112 1328378313
2381 29283 1371592574
1530 7012 1277329232
2394 2394 1260312522
509 4717 1268945022
47710 8197 1339095468
2421 3449 1264135982
2418 11500 1412063265
2458 2447 1260407796
2455 20437 1326059851
2455 27921 1352402683
2206 22260 1333858710
2474 2509 1260579637
2482 9158 1298824211
2490 12500 1296090606
400 5312 1271889755
400 10286 1287911878
2231 2500 1260535946
2515 2541 1260694539
1681 12314 1295448096
96 4005 1297833736
2566 2566 1260908691
2569 7573 1279167928
2600 2611 1260934515
2613 17426 1314650406
2547 2547 1276341306
2633 2639 1261060342
2633 2785 1261750197
2649 2655 1261101163
2649 6086 1273847724
2146 3049 1263600470
2146 5092 1270225215
2714 16124 1309574682
2730 2738 1261482310
2738 8629 1312323982
2734 3031 1265924754
2750 2750 1261531008
2795 2910 1262281923
2805 3011 1275190084
2818 16792 1322947654
2693 3453 1264143254
2693 6997 1277263625
2873 2877 1262104994
2878 2872 1262106781
2884 62519 1425179394
2910 4145 1266798675
1100 24021 1346271654
389 2974 1262647589
3017 9919 1387645790
3005 8075 1283127373
3005 4076 1285572864
3023 14570 1303360490
3054 5705 1272636416
3054 27437 1350957813
3056 25725 1345062308
3061 14312 1302861324
2285 24877 1341551295
2989 9981 1299083414
2989 87815 1455767769
3143 7625 1279174137
3143 13321 1302308200
3147 39723 1264004550
3161 5660 1272804339
3200 16963 1312532195
3200 25106 1342341626
1735 16683 1311459943
3205 14552 1307662097
3208 5499 1369833468
3183 3183 1265865770
3238 4759 1269082241
3244 3287 1263619782
3246 4490 1270001554
3275 4338 1273987857
3267 15826 1308275874
3281 11581 1292808567
3285 3358 1263854583
3290 4130 1266741569
3290 13723 1300401693
3118 6361 1275101678
3301 3449 1264134382
3319 82588 1448166892
3314 3598 1264689260
917 917 1263789051
3346 3361 1263855393
3357 10110 1311657712
3369 14191 1302171954
3375 952 1371658667
3096 3675 1265424801
3405 23098 1335823378
39723 3029 1273449139
3410 15671 1307575149
3427 1961 1264087925
3458 3432 1264153669
3461 3461 1418255829
3467 3467 1264314207
3489 3489 1264312369
3492 3508 1264370611
3494 3762 1265249562
3513 16524 1310968068
435 5288 1271007246
3533 5398 1271645775
3186 3186 1281840828
3566 3566 1322513806
3547 5112 1272752150
3551 2739 1264510525
2739 4641 1268815066
3478 27994 1352613368
3574 3574 1264618044
3582 3587 1264653194
3582 3588 1264653716
3585 3590 1264659904
3590 1139 1265714987
3613 3605 1264739509
3619 3619 1356399155
3602 47120 1392758794
3610 3610 1264812219
3627 30505 1357739277
3628 36296 1374357578
2576 24126 1338496206
3645 3671 1264988268
3579 10769 1291683413
3646 3646 1309749097
3675 82966 1448255800
3649 3843 1265509582
3681 54555 1404267937
3708 3725 1265265256
3713 20112 1324538224
3725 4635 1268614568
3700 3700 1265164203
3756 8629 1347396847
3779 18014 1316767886
3826 1448 1298517347
3857 5116 1270330081
3882 4389 1267778819
3887 4092 1266820570
3887 4153 1266835816
3899 4436 1267949543
2677 4994 1284496564
3898 4408 1298257513
3903 34325 1369385497
3919 4718 1269027887
3939 3940 1265886952
3952 2781 1284885779
3960 9927 1289543242
3960 7456 1296254594
3977 6569 1297647840
3977 24173 1341605589
3560 64395 1419845230
3560 68937 1425825955
3907 13981 1301995296
3737 88356 1456820255
4000 76792 1266228070
76792 39153 1443590971
2158 4302 1267408493
4041 4041 1266406620
4070 3875 1266521699
3875 10709 1289368780
4035 4291 1270447977
4035 5626 1272607542
4095 4594 1268525520
4097 4257 1267162311
4097 4267 1267201234
1874 70501 1428991586
1874 74168 1432688743
4120 8544 1282033890
4520 59239 1423266810
1307 1307 1266868319
4173 25726 1280901043
4005 7373 1278485649
4200 6985 1280886930
4205 18323 1317994922
4239 41269 1381724491
4222 4557 1268353057
4267 2189 1299295940
4268 4300 1267394466
4280 4279 1267299058
4287 4288 1267313801
4291 5080 1270193387
4076 5689 1272490304
4324 4949 1293488420
4325 23911 1348067096
4327 2109 1274650956
4342 22206 1331999267
4348 15470 1270087651
4356 11123 1292670973
4356 27499 1351181230
4330 32896 1366035178
4358 19007 1327003138
4272 4272 1267699905
4363 5536 1272577780
4379 45065 1391053969
4250 66323 1426394459
2245 4491 1268111691
4384 10871 1289954604
4481 14812 1318489090
4494 11980 1294051757
4494 11056 1298733327
4524 25275 1343016056
4534 31293 1372642955
4537 4537 1268526303
4544 15749 1307978449
4636 33257 1366406137
4636 33306 1366605859
4637 4650 1268678213
4648 29218 1353342748
4648 56878 1455277239
4669 4734 1268987406
4682 5980 1273618563
4643 31361 1360654709
4698 10659 1289243128
4676 12952 1298531203
4718 16180 1335531209
4731 22668 1333522122
4624 21711 1340516630
4763 16762 1343157787
2171 4797 1269241142
4783 4904 1269543111
4796 42894 1384721136
4807 25477 1399711417
4807 24916 1400195766
4821 2464 1272736599
4821 14304 1332100812
4833 76685 1438566332
4853 4806 1269455997
4856 14181 1350847135
4626 5165 1270559922
4837 20822 1332940953
3569 18736 1319457141
4863 8644 1282288271
4863 9669 1295461885
408 5534 1312505315
4933 27032 1363389065
4949 11537 1292279901
4963 757 1269763207
4965 16147 1309756705
4972 3926 1269876227
4915 33685 1367692142
5036 5036 1270007639
4990 5683 1275387214
3926 42649 1384214211
5001 7494 1288151095
5016 8684 1312744172
5045 7935 1280367043
5045 53064 1455000929
15470 23947 1343418885
5044 5154 1270532129
3102 5170 1270584895
3102 6334 1275371783
4678 6270 1274713034
5096 66599 1422842497
5108 5121 1270374371
2802 15122 1305481942
4971 46176 1391048929
4367 8615 1330570633
4367 24805 1341089016
5142 27914 1352382372
3886 7175 1277836554
5124 13746 1300530037
5124 22789 1334563138
5196 7608 1281548011
5197 5464 1272106377
5231 5365 1271521977
5250 16862 1455370539
5260 5275 1270942781
4778 8550 1282070420
4778 37150 1374059422
5268 6524 1275543908
5313 5319 1271126814
5316 5394 1271376145
5316 5344 1271383353
5323 17861 1316221141
5323 20947 1327832009
5339 12484 1309493757
5339 68204 1424235127
5407 10218 1287644307
5431 7283 1278123241
3849 7870 1279935623
40739 40739 1443388131
5469 5286 1271728453
5473 19201 1321105319
5486 5633 1272328376
5486 85329 1452930017
5499 5314 1271922064
5519 23873 1339428843
5519 29818 1397518069
5534 17111 1313185730
5523 5523 1271984503
5566 5551 1272008151
5611 10711 1289374433
5633 5639 1272332905
5646 5653 1272362579
5654 5637 1272367698
5675 5674 1272427386
5674 38019 1375328497
5526 6821 1276638479
5526 8446 1356697558
5700 11297 1291438577
5700 7247 1296356135
5715 7518 1283876940
5731 12596 1296340270
5762 32261 1442209092
5762 84521 1451068666
5768 5768 1291402068
4221 6301 1334448272
5802 5807 1272951245
5802 7391 1278532162
5822 16698 1311553637
5827 5825 1273017361
5860 14155 1303546601
5897 37902 1445626286
4555 8403 1281955586
5360 6524 1275630643
5360 9621 1316388806
4701 10673 1301963246
4701 6563 1383645400
5937 37072 1403059369
5938 6992 1298705215
5945 5950 1273282803
5945 7227 1277974960
5960 5934 1273343293
5924 15589 1307229307
5973 12695 1314737087
5613 57499 1409082659
5986 20430 1326002588
5706 2063 1315640422
5998 13969 1302653328
5993 5766 1273523675
5993 51137 1448948142
5736 5548 1273557905
6031 6126 1274056712
6031 6040 1275151423
5724 12295 1295410836
6040 8065 1282093178
6066 10639 1295643997
6066 41938 1432326063
6082 6082 1275596480
4282 4282 1273866962
6100 34075 1368781216
3213 5988 1273935387
6104 8610 1282209105
6104 82588 1452885493
5723 18915 1320095476
5723 21049 1328104892
6113 48162 1396296934
6113 48172 1396383731
6159 25468 1343872261
6167 6166 1274243745
4535 16859 1312213016
6142 34764 1370658923
5428 19682 1322864369
5428 49313 1397207557
6248 152 1275077134
6254 6254 1313634629
6259 12987 1297799244
6266 6563 1275714938
6141 6141 1274746032
6290 4571 1274749805
1055 17458 1324099626
6324 5977 1274903402
6327 6326 1274895706
6334 8012 1280416352
6343 6369 1275046618
152 13062 1298063165
6366 6388 1275076275
6381 6320 1275064179
6320 1720 1275713922
6418 6398 1275159649
6398 6459 1275361325
6433 6475 1275424397
6441 6435 1275276665
6455 35545 1383077713
6466 13059 1299170962
6476 6483 1275443343
6483 37080 1373818173
6484 6655 1276027684
6500 14091 1314242148
6500 27264 1350334292
6496 24435 1339656165
5795 17768 1316426398
6550 4608 1276924216
6550 10096 1287243073
6549 6557 1275702981
6561 41778 1382667457
6566 85509 1453340766
6566 75670 1453438952
6574 65818 1431798649
6577 9666 1285858045
6577 12379 1316280261
6210 44624 1387930606
6627 6691 1276573916
6627 7047 1277384546
5538 16193 1318280763
6594 9611 1349933990
6701 13834 1300982814
3441 7589 1279092180
3441 24798 1408950210
6714 6714 1276289164
6742 6742 1290528682
4526 8208 1304127759
4526 31844 1362563685
6757 6757 1282884745
6750 6778 1276433257
6750 6863 1276797800
6645 6645 1276562713
2416 8393 1281577749
2416 66772 1423222806
6847 6847 1276732456
6882 1669 1298595278
6903 6906 1276932963
6903 10833 1326027454
6908 29596 1354526578
66825 66825 1430037060
2048 2048 1332635738
6858 17111 1313390811
6948 58719 1412120967
6923 7909 1280809135
6961 12968 1347847415
6966 6975 1277312010
6985 7386 1280870884
6992 7177 1277859425
7005 46859 1418229779
7012 7058 1277412835
6892 7036 1277353028
6892 25712 1349289155
7015 14157 1302059019
7023 4954 1281044576
6137 6137 1299215082
7028 6853 1284678374
7053 7142 1277763417
7057 8638 1282284557
7043 7647 1292059159
7043 41577 1393047147
7106 17614 1315410131
7101 7129 1277711133
7133 14286 1302669886
7177 8702 1282597564
7165 8424 1281657115
7205 7072 1277981992
7231 7229 1277982583
7035 29828 1355182202
7239 7239 1278551063
7266 7218 1278070889
7218 7377 1278477146
7269 5577 1278283768
7269 7537 1279038040
7257 4392 1278448042
7262 7325 1279325446
3428 7203 1278186202
7320 6922 1278335618
7320 7625 1279173968
7316 31233 1421535277
7325 40640 1453381596
7359 27962 1354257134
7364 23267 1335555180
7238 12105 1334191530
7368 47840 1394130958
7360 7360 1278444788
7313 55895 1405109710
7386 80437 1442627026
7170 1667 1283064316
7330 6715 1278865052
7330 22962 1334636071
7383 7383 1278646700
7258 7477 1278740972
7258 66209 1421926505
7461 7467 1278712872
6702 11052 1290596745
6702 9019 1307423874
6321 50427 1425046578
7499 10763 1290275317
7492 7492 1278923875
7512 7510 1278983998
7520 3027 1278988283
6771 25383 1343491679
6771 21155 1364421893
7531 7756 1279598527
7632 8596 1282171259
7632 23865 1338555673
5480 8606 1282197523
5480 8688 1282463517
7647 7683 1279340607
7641 6300 1279260996
7641 8056 1280543350
7489 7489 1279343966
7695 7646 1279584718
7695 3512 1279387383
7646 26278 1354430116
7705 20321 1325542673
7727 7726 1279510858
1816 7686 1279549310
7738 6749 1280353781
7756 8070 1280661115
7792 7890 1280126672
2592 7861 1279899958
7821 7817 1279798517
7834 8789 1286233562
7844 11418 1379225944
7842 7842 1300426068
7335 75428 1435357698
7875 7875 1280118420
7891 7890 1280059597
7914 21389 1329242699
7911 7929 1280214534
7915 41279 1381746278
7779 23122 1335218620
7935 64613 1424256500
7967 26746 1348496403
7993 7428 1280372851
7998 31476 1443076319
7990 16438 1308613249
8015 8275 1283105003
8019 10043 1287082372
8049 15159 1305658411
8049 24844 1344647987
8075 25460 1344552880
8092 45094 1388943233
7872 7872 1281398847
8047 9024 1297980001
8105 48307 1394934443
8105 48309 1394939192
25726 13948 1301274229
8135 25861 1345679174
8135 29623 1354566623
8161 25863 1345685068
8168 11186 1291160161
8196 13396 1299290848
8217 9881 1427928454
8224 5837 1284531653
8201 73842 1432372454
7983 7983 1282391675
5450 27330 1403903784
5450 79949 1443383527
8234 8214 1281272919
8253 8274 1281391164
8275 9006 1283597611
8294 10223 1287656907
8333 7276 1281482316
8341 39623 1378463872
8368 8361 1281513991
8434 8436 1281684148
8434 10673 1297752567
8432 8523 1281963120
8432 4106 1287098278
8431 8399 1281704220
8431 32583 1364445296
8446 31722 1361773234
5593 8519 1282090709
5593 10577 1288943151
8447 8447 1282157610
8457 8962 1283449405
8479 8550 1282071742
8358 20021 1324216371
8482 5587 1328208138
7747 7991 1283078471
6363 15896 1354871948
8504 56165 1405721615
8519 7777 1282092370
8536 50282 1399009759
8565 8614 1282218299
8579 8585 1282153012
8601 8599 1282184984
8636 9785 1286243820
8653 56336 1406490159
8642 8642 1282431953
8667 15551 1362027199
8694 8712 1282531501
8128 8720 1282555637
8702 5497 1357951336
8751 59227 1412884183
1667 8193 1283423728
3519 24726 1340761043
3519 36598 1373084880
1556 1556 1303256036
8788 8744 1284388293
7991 25610 1344518404
8721 14548 1304788018
8721 17835 1410778681
8802 8905 1283270379
8802 41100 1381383071
4373 17426 1314502835
8798 25763 1345257531
8814 8952 1283402570
8814 13530 1309478562
8838 36779 1455272684
8786 26248 1346948436
8736 7790 1285167205
8875 8850 1283320498
8882 8885 1283191689
8883 18693 1329927280
8886 9504 1285408581
8913 32804 1368972328
8933 8933 1366100927
8940 8952 1283405733
8193 27459 1353053593
5295 9057 1288486466
5295 16705 1311576117
8965 13284 1334245707
8923 22465 1332974944
8923 27714 1352001008
4106 9535 1287284404
8978 8978 1283569742
8987 8984 1283550461
9002 9008 1283613381
8995 8995 1283741765
9014 16080 1309361996
1673 5958 1283803269
9061 3277 1450858025
9086 51703 1402075143
9124 31036 1359567592
9126 9123 1284098125
4903 11244 1291289453
9172 9202 1284397695
9187 12952 1326088824
9202 29279 1364925150
6570 11556 1292359399
9220 9223 1284493854
9114 11255 1291320055
7979 18384 1320073297
9246 9927 1290105542
9246 11651 1292647553
9237 9338 1284853068
9304 37818 1374973809
9154 18823 1337124725
9301 9266 1284805057
9332 15484 1308057448
9347 10943 1296645374
9347 9552 1298080796
9354 9372 1284971697
9355 9679 1285892255
9355 9838 1286400209
3655 9369 1284961668
9379 8870 1288900896
9404 14763 1304051639
9404 81494 1444878955
9386 13467 1299830405
9386 15027 1305152629
9431 9721 1285985878
9462 9459 1285244781
9459 9527 1285536277
9468 9470 1285273581
9455 4165 1292015700
9455 9714 1369710859
9486 10435 1288870746
9486 14121 1302184516
9504 19906 1323749434
9523 9523 1285678023
9542 9621 1285793101
9542 9855 1286449255
9552 13439 1299389291
8363 7987 1295309469
6842 16888 1398285900
9569 9625 1285798135
8974 17550 1314997622
8974 88407 1457244092
6322 51778 1415081870
9661 27760 1353443128
9668 33643 1367586333
9714 13618 1300051327
4019 9732 1286016601
9624 9624 1286051891
2225 38698 1454729094
9769 12835 1297231609
7540 9525 1286233115
9792 9798 1286261863
9776 18505 1318818823
9809 9809 1418422420
9810 9807 1286318006
9800 21208 1328649551
9800 27972 1377204113
9818 9835 1286392631
9825 29294 1353562743
9834 73884 1432079794
9094 10977 1290299203
9823 9869 1286486033
9024 10258 1287788396
9899 12047 1294296372
9926 9968 1286880671
9932 9680 1299218892
9934 62446 1417522499
9712 9951 1286835277
9952 9913 1286837398
6588 7611 1288240478
3462 33399 1366851816
10050 10052 1287060892
10049 32630 1364593612
9565 18492 1318527268
10073 10241 1287710551
10073 10284 1287968110
10086 34473 1371165081
9667 10097 1287247813
9667 34777 1370804395
10112 10104 1287295483
9458 12234 1297883599
10118 10124 1287342393
10128 10128 1288324179
10155 10193 1287582888
10189 10386 1288250687
10219 50099 1398780417
10221 7494 1287701361
10221 74962 1434318116
5896 11837 1293438015
5896 13244 1301860701
9779 10258 1287810192
9858 20484 1326254579
10269 10269 1287978714
6005 38870 1377050272
6005 54731 1404731332
9842 7448 1310076182
9842 14744 1316167945
10286 23440 1336113118
10299 17719 1315692249
10204 13520 1299676445
10350 10350 1312155204
10317 10343 1288125498
10327 10954 1290200264
10331 19191 1321057352
10453 10402 1288489785
10461 10461 1288656956
10481 73395 1440549605
10046 30750 1358603499
10046 11500 1386084982
10549 10555 1288862837
10539 10539 1288903640
10570 11964 1307159178
4119 23288 1335643505
4119 30178 1449149000
23873 48519 1396650950
5115 10611 1289071724
10613 9612 1351332782
10614 10609 1289084142
10614 10706 1289351071
10622 36233 1372632086
6793 9793 1292337605
9793 29763 1354953383
10679 16989 1313433540
9003 9003 1299601385
10729 24340 1339393368
10729 24430 1342149961
10745 10799 1289652536
10745 10578 1290108949
10775 10928 1290113102
10728 10728 1289616065
10814 27151 1349933840
10814 82766 1447487729
8162 10861 1289914005
10849 12374 1295926752
10876 10917 1290083045
10876 10933 1290141209
10857 10887 1290042916
10792 11191 1291136457
10792 22119 1331675172
10951 10951 1290262602
10945 11268 1291354864
10945 11322 1291562000
11019 15693 1321661413
11031 11031 1382644608
11030 11030 1291331771
11043 17565 1319511704
11058 14286 1302669456
11056 26145 1346724415
10602 19706 1322972509
10602 18108 1322973192
10111 12998 1298095903
11094 20033 1332199705
10903 26510 1363572462
10903 66923 1423595268
8084 11116 1290927804
8084 12981 1333080078
11172 11177 1291092274
11206 13935 1321767698
11206 50893 1400316372
11220 13437 1299415373
11216 47573 1396415420
10712 15872 1318985664
11277 34716 1370551495
11291 8707 1311455553
11264 37099 1325567203
11264 86516 1455200446
9581 22973 1334744022
11409 44243 1322201443
11414 22873 1335671738
5587 24338 1348993601
11449 24527 1340384458
11218 18305 1328530056
11484 11484 1299890744
11498 11522 1292182704
11556 10663 1292320664
11445 69133 1426164356
7409 11575 1292401998
11554 9612 1294830519
11583 11583 1353413291
11588 11601 1292469356
11595 26388 1347383429
11598 11778 1359176925
11629 12965 1297669874
2019 11630 1292571695
11670 20346 1359019889
3776 3776 1292801780
11721 10670 1296594179
11745 15573 1307141962
11761 11730 1293006329
11662 11764 1293017002
11796 10061 1293153023
10061 29808 1396935104
11800 8941 1293175052
11262 15014 1306251802
11830 12132 1294675507
11821 11838 1293405702
11850 15465 1306770675
11850 16352 1311538374
19943 19905 1323868895
11247 22662 1334536051
11974 11970 1294083332
12032 12032 1294699341
8202 19881 1331962767
12082 18131 1327138883
12057 17489 1314931599
12111 12111 1294572718
12126 21317 1328990537
12103 20103 1330037702
12103 23189 1335346187
11608 6770 1296321286
12146 12146 1294909226
12605 25511 1411083328
12223 12223 1330480492
4112 62253 1320337229
12187 12409 1298539860
6542 15308 1321313544
7690 14053 1301616495
12242 64369 1419776783
10893 58171 1410736421
12249 12650 1296536727
12260 13250 1298714807
12260 13147 1298853029
12264 12396 1295689274
12264 12105 1298457755
12274 12277 1295341660
12274 17013 1312816965
12281 12281 1391708795
12336 17987 1316655608
12341 41364 1384404797
12352 20196 1365929266
12352 36690 1386288181
12362 16371 1329248317
12377 12380 1295629038
5831 25983 1346075687
5831 12761 1353664063
12366 12389 1295671077
12397 12309 1296104648
12410 12714 1296809456
12390 12361 1295820325
12466 13906 1301092780
12466 32938 1365496444
12484 84477 1450940172
11046 22490 1333073487
11059 12723 1297126263
10670 25400 1343795141
12520 12519 1296080912
11976 11976 1296154727
7718 7718 1317456167
12290 33256 1366405671
12558 21979 1331335673
12601 32511 1364374449
12591 12591 1296376210
12606 12606 1299301006
12631 23648 1340859975
12662 12662 1296577263
12676 12679 1296651104
12706 9516 1309271804
12710 12714 1296807600
12647 19142 1344033315
12755 84788 1451700242
12761 12840 1297308044
12763 12759 1296993795
12554 62178 1416807754
12774 25258 1342899561
12723 12693 1297253105
12751 16855 1312982272
12803 43683 1433444210
12823 21626 1329958143
12824 12860 1297317447
12826 53211 1403309218
12693 26081 1370390075
12843 41009 1381203861
12847 14335 1302697829
10828 23115 1335096006
10828 36339 1375786449
12877 12875 1297364820
12875 20793 1367337718
9156 24542 1340071819
12907 12929 1297543155
12907 13091 1298214784
12844 12928 1297538326
12844 72327 1430874921
12928 22498 1375542561
12932 12931 1297554019
12987 12986 1297794900
13006 13038 1298013130
13006 43013 1384958121
8264 39536 1379651516
13015 13015 1297967074
13027 16750 1314781184
13038 22098 1331587660
13034 48757 1421345434
13050 13055 1298030358
13050 13109 1298247966
13054 37434 1378210164
13008 13064 1298068560
13072 13085 1298145871
12259 12259 1437884196
13078 13078 1298991521
13074 21067 1328177819
12039 12039 1301193811
13108 17100 1313240512
13107 13107 1299368027
13059 37728 1377459669
12653 19664 1335569849
13144 13145 1298344938
13025 13025 1380678587
13150 13154 1298368670
13160 13158 1298394162
13158 47195 1420724472
13173 21374 1329542378
13189 13184 1298511854
13199 13121 1298518645
10306 61671 1415801082
13249 13247 1298693700
13245 19836 1323673023
13251 24423 1339628890
13263 13341 1299063465
13263 14574 1304850006
12383 13486 1299636822
12383 27381 1350671517
12563 13307 1298958704
8379 7816 1333370480
13244 48067 1410219970
13278 13277 1298828784
13279 13279 1300196513
13292 27235 1350499765
11938 18334 1322176540
13326 46433 1396476364
13358 18960 1320252615
11661 22892 1334371020
13393 16846 1312127639
13402 13394 1299262000
2189 78846 1441299072
13420 10148 1299307792
10316 13881 1301024728
13447 13447 1299532023
13464 13464 1330327441
13475 16704 1311574253
12879 14124 1302118868
13481 14771 1304801929
6429 15821 1333495533
13431 41262 1381708720
13547 5546 1300980534
13550 13550 1299827715
13530 85140 1452650804
13559 27301 1350432956
13611 13608 1300013166
39843 66084 1427138334
13663 13413 1300221330
13679 13673 1300264758
13673 14009 1301456767
5043 56434 1406399434
13289 24313 1343354012
13718 19835 1323439466
13738 13737 1300461901
13742 13981 1309965956
13742 19582 1323206912
13741 21171 1328554780
13731 80109 1442027894
13751 13755 1300517371
13787 41452 1416883602
13794 39042 1377296478
13799 13824 1300819747
13827 18546 1318659722
13827 20631 1327984687
13838 10777 1300856325
13803 42491 1383883088
13842 21711 1337019787
13842 14802 1337020382
13863 19111 1321007017
13863 16646 1337244040
13691 13875 1300996512
13691 13877 1301004052
13881 13890 1301025668
13898 17926 1316470295
13927 13331 1301185978
13948 14013 1301474959
13959 13960 1301336552
10304 13984 1301406386
13000 13978 1301390998
13941 13941 1302438751
13997 37885 1375109097
14009 48562 1430939700
14031 68347 1457141122
14049 13983 1301573427
14056 14053 1301601483
13753 18805 1319680647
14074 21268 1355973772
14074 44641 1387945631
14123 9065 1331459553
14054 15073 1305969745
14148 14702 1307832676
14147 14157 1302059537
13363 17271 1313890524
14161 14156 1302062541
14155 17764 1316593735
14124 33083 1399031574
14169 38998 1377235863
14170 30280 1356842749
14187 14241 1302462794
14181 12221 1361737703
14226 68384 1453394141
14253 14114 1302484256
14114 27796 1356182646
14255 14260 1302517034
14266 54612 1404409631
14322 14325 1302679523
14324 14712 1303910437
14324 19989 1324000556
14127 14127 1302757212
12027 46591 1408079691
14371 14476 1303126401
14362 15358 1306375967
14385 14848 1331087359
14385 54631 1409956573
14312 14485 1303169470
14424 49673 1442409794
14436 14436 1305152600
14442 14437 1302975645
14437 39766 1378789615
13384 15597 1307402217
13684 15445 1306701904
14468 14464 1303086310
2026 13874 1303139980
14481 14509 1303223076
14510 15423 1306593704
14512 22232 1332123260
14527 26223 1396648052
14546 14541 1303311703
14552 23548 1336600642
14107 16315 1310334286
14107 21523 1355438602
14593 14711 1303894881
14601 39280 1416377445
14621 17077 1313036019
14624 14626 1303615442
14626 24762 1340877135
14628 14993 1305666644
14628 22073 1352276239
14632 14644 1303625799
44243 27773 1352132816
14664 14663 1303754311
14663 73890 1432096773
14163 18578 1318842213
14667 18115 1317254282
14712 14417 1303919631
14716 14288 1303964473
13373 13373 1304211580
2209 2209 1428224454
14794 19784 1323757359
14441 17735 1315807933
14788 15295 1306116745
14705 14816 1304279237
14689 12781 1304943437
14896 14098 1304635089
13506 87983 1456184608
14916 15254 1305929961
839 22055 1366326323
14940 2197 1305066165
14958 15040 1305190329
14961 19199 1321078443
14961 45933 1429809030
14973 14973 1394039261
14976 33462 1367028724
14993 86309 1454808560
15021 15021 1305994555
15031 15794 1308161651
15032 22635 1342851305
15020 15020 1305230271
15058 16395 1310522983
15056 26931 1349228540
15073 15227 1305896081
15111 15118 1305461548
15112 15110 1305429950
15120 21933 1333244475
15120 29733 1358634370
15133 15133 1305556452
15161 49461 1397186925
15197 80304 1442408275
15246 38750 1376792307
15265 13736 1305990370
15274 15274 1306008389
15311 16058 1309288089
15351 66490 1422600547
15379 15427 1306690010
15404 15404 1307402883
11773 17212 1313628984
11773 27941 1352605191
15331 15417 1306562820
15424 15424 1358077163
15213 40782 1380756291
10875 10875 1428256679
15440 15435 1306688049
15443 12135 1306698315
15457 18317 1317863358
15463 15479 1306817087
15488 21962 1331176420
15484 13554 1307695409
15493 16478 1310749339
13562 15520 1306963581
15544 15525 1307062146
15525 16113 1309564167
15604 60976 1414451137
14037 9945 1418284892
15638 27385 1350671461
15642 18119 1317778695
15642 12436 1317871345
15666 15900 1308600127
15688 15555 1307676153
15478 24580 1340792581
15728 17277 1313909121
15632 17927 1316473500
10972 15696 1307925609
15615 15615 1308014901
15765 1199 1322239983
15785 15798 1308173027
15792 12400 1325257772
15672 24565 1340159407
15811 33302 1366617265
15811 38852 1433152746
1043 15813 1308256895
15777 15777 1308296562
15689 32988 1365652688
15630 19146 1320893019
15830 37354 1385725557
15828 18961 1320357611
15808 54464 1403970445
15841 15839 1308322192
15843 41756 1401315613
21125 21125 1328402729
15869 15863 1308448714
15882 16103 1309474104
15890 15890 1308535170
15891 38637 1377029061
15891 41686 1386030153
15918 15918 1308755119
15921 16910 1312338881
15931 15928 1308723110
15933 33854 1408055914
10833 22943 1334605517
15951 1981 1309376631
15782 37656 1413833693
10646 17721 1315701739
10646 30380 1357249147
14744 19206 1321141814
16012 16012 1311631066
16036 17203 1313617524
16036 17522 1314889376
15429 15429 1309231625
16049 22111 1331847782
16049 68701 1425330959
16044 16044 1320533345
16064 16066 1309302931
16089 59134 1415424097
16089 61509 1415524559
16087 11040 1315487923
16109 80168 1442022398
16113 49193 1396727382
16120 26737 1397587849
16132 16287 1310056217
16132 18678 1319167923
16203 16142 1309947930
15970 30334 1357073274
16117 27365 1351364538
16275 16260 1310014641
16325 16317 1310228583
16325 22677 1333755121
4315 16600 1311284432
16386 16348 1310505489
9021 35609 1372273060
16389 17228 1313696321
12637 21505 1336590292
16082 16082 1343673794
16425 17682 1323051611
16428 16428 1311296194
16494 25179 1342564646
2246 19429 1321917509
2246 19373 1321928271
16504 38328 1375943696
19072 15114 1422713299
16526 44747 1388230061
16511 16529 1311020195
16545 39197 1377619041
16545 39937 1379278835
16559 73874 1432093436
16557 85170 1452625127
16561 16013 1311076569
14941 29944 1355543986
16554 10776 1332892051
16548 16548 1311218411
16575 16575 1311298683
13883 13883 1311390538
16653 62003 1417719584
16669 16669 1311567506
16673 16689 1311498611
16622 16859 1312184066
15046 16767 1312576069
15280 17217 1313661502
16767 39619 1378462116
16757 16757 1312077157
16761 24604 1341828074
16801 23115 1335094653
16144 16813 1311978371
16823 16399 1311994498
14304 16842 1312128659
16882 21710 1330502510
16887 16900 1312321202
16887 36526 1383681301
16923 16924 1312392151
16923 16925 1312394579
16948 16505 1312476660
16872 16447 1315298417
16952 16952 1312557674
16972 16972 1312576308
16940 16940 1312770193
16686 16492 1312790934
16969 16969 1312832870
17016 17054 1312981319
17008 17008 1312936182
17035 21704 1330217327
16937 5679 1318452882
17115 83645 1450736043
14492 16155 1313102683
17079 17087 1313117944
17087 36579 1438526600
17098 18431 1318305665
17098 19391 1321771276
17104 17069 1313132223
17073 24202 1338789940
17073 58503 1411419565
17121 17121 1392374580
17050 651 1327758670
17085 30906 1359091143
17128 16637 1313282286
16939 16939 1315167326
17022 38198 1375737766
17300 17300 1314136780
17306 17306 1314174616
17260 17260 1384129707
17325 17345 1314146968
17255 25766 1351377434
17332 17423 1314465573
17349 17360 1314217456
17360 18154 1317324573
17377 34591 1370120074
15192 38729 1411287203
15192 61506 1450260930
16750 12904 1319694021
17417 27574 1351311533
17422 17422 1314807126
17441 13704 1314544555
13704 12400 1324256308
17443 17443 1315025197
17456 17598 1315236725
17476 21690 1332243036
17497 17495 1314774971
17492 22456 1332921290
17502 17452 1314788950
17452 16845 1314811800
16845 22601 1333437527
12069 15327 1344885989
11173 33542 1368044848
17539 17536 1314945303
17253 26620 1348017366
17551 17551 1315436167
15539 21253 1328798835
17614 15332 1324003050
17545 17545 1315688942
17695 33221 1366310511
17705 17701 1315632183
17755 17755 1381636952
6263 26361 1347332040
16675 17791 1316019471
17807 17802 1316066678
17802 17803 1316110140
11555 9031 1316083381
17880 17878 1316281190
17864 83645 1450659884
17888 17888 1316418085
14499 17923 1316465046
17926 40996 1403001893
10271 48647 1395676681
17980 18107 1317888394
17994 18006 1316741741
18000 30149 1356228372
2647 2647 1316799830
18025 18012 1316814784
18048 55865 1443780243
18051 18051 1317021470
18064 18064 1317034517
18072 13947 1317063161
18077 18079 1317094421
18077 19772 1323227264
17193 20673 1326845770
17193 9101 1343702329
18078 18115 1317213814
18168 18163 1317347129
18181 19254 1321309623
18184 21743 1317499573
18183 20585 1326614689
18183 18403 1331380698
18119 7455 1322862086
18204 18353 1318002228
18241 18237 1317608429
18256 22476 1333037248
18256 29590 1354490660
18283 32917 1406079336
18291 22224 1332088863
18313 19265 1321319865
18282 33730 1367833298
18382 18381 1318120484
1997 18503 1319515021
16193 19985 1323986328
18425 18441 1318320660
18446 18446 1318360084
11528 18450 1318456331
18474 32387 1382054082
18478 12750 1321002720
18503 22010 1331310863
11859 43022 1437324682
18534 18579 1318853615
14895 19282 1321480024
14895 50249 1409690725
10927 10927 1318956863
18449 18449 1318959982
18630 18626 1319008914
18583 18583 1456467431
18645 74634 1433622371
18642 18642 1320165422
18659 32817 1366655956
18678 57310 1408559145
18702 27976 1382924962
11978 20085 1324420385
18729 18755 1319772592
18749 27712 1351883942
18755 17083 1344844911
18757 22001 1331287355
18768 66155 1421791888
4566 21237 1328756415
18810 33467 1367480969
18818 18861 1319844173
18836 19145 1320889627
18839 20136 1324640053
18957 48458 1395252283
18965 24644 1340414508
18996 18995 1320353573
19012 54267 1424828399
19047 19209 1321147158
19063 18894 1320646879
19063 19624 1323067968
19084 19083 1320700712
19083 19085 1320703335
19051 45288 1389895023
19115 19150 1320897292
19132 19152 1320898080
19172 65819 1420877611
18910 38172 1379988838
19184 19184 1321130612
19203 16131 1321112857
19216 48161 1394717045
19243 19243 1371141145
19278 19278 1321364848
17828 17828 1343245751
11733 24393 1339538103
13284 22662 1334212962
18349 25035 1341997142
19318 21636 1329965423
16054 19500 1322195666
9101 85303 1453050671
19378 21528 1330216309
19425 58944 1412298465
6628 30322 1357097429
19379 19379 1322465277
18228 19438 1322105345
18228 23247 1335578794
19493 20015 1324105552
19493 22917 1334544805
19693 19697 1322885918
19706 73942 1331554481
19367 25260 1343454568
18938 27853 1352202541
18938 46774 1398511789
19313 37911 1375240896
19753 19643 1323141173
19643 31339 1323166644
19582 24236 1338930485
19774 22712 1333783609
19801 14202 1366770072
19822 19822 1359346670
19821 50244 1398934148
19848 16762 1323525505
12911 12911 1378032326
19889 17898 1323941955
19597 19597 1323815343
19934 19970 1323936862
19934 20005 1324071531
19959 33871 1368198435
14547 25322 1369221499
14547 34576 1370056969
20005 21405 1329360361
19945 20137 1324648582
15235 30164 1356327320
20063 20086 1324410198
20067 15695 1355879967
20070 19076 1324342669
19637 20497 1326330843
19637 22023 1331335364
20073 17528 1324346903
20027 20027 1325784926
20108 20108 1367205435
20114 20111 1324541860
19731 21069 1328233934
20146 19730 1324716347
16380 20258 1325305102
12766 17623 1325010168
20208 20212 1325046272
20254 20247 1325191660
20260 20255 1325206964
20272 47778 1393996492
20346 30996 1359612028
17822 22425 1333468251
17822 15327 1344964413
16139 20404 1325900170
16139 80058 1443920512
19938 14925 1340198515
20417 18942 1329234430
20431 20431 1360200319
20458 20458 1326180344
20506 20867 1327471986
10847 32577 1364428429
18589 29480 1354234765
20626 20629 1326752038
20696 20778 1327164311
12651 21100 1338904742
12651 63926 1425380206
20709 74631 1433561944
20732 20806 1327612519
20521 20631 1327023132
20752 20752 1327097876
20768 22247 1340686910
20793 27052 1349574754
20852 20812 1327423334
19113 37373 1386696014
20886 22343 1332490806
16716 20922 1327681493
10028 10028 1327663606
20887 20887 1327756328
651 27020 1350214302
21002 13980 1327990668
21019 21007 1328020997
21025 21020 1328033168
15946 15946 1432814225
14207 14207 1328092842
20982 20982 1328139520
21058 21058 1371442177
21075 23898 1337793000
21075 31460 1360956736
21082 21070 1328228181
21083 21115 1328325437
21083 21295 1328927773
21028 7183 1341914586
21162 27020 1352205086
21162 27969 1352522452
21171 32548 1364494267
21183 21182 1328577961
21202 21233 1328740050
21230 21230 1347637532
21256 44980 1390426952
21242 21242 1328842008
21284 42676 1384373296
18044 27497 1351049809
21325 75949 1436690471
21194 21194 1329098293
21374 21479 1329514862
36952 57323 1408581963
21428 21030 1329345456
21428 22718 1333814987
21437 36812 1373499614
21435 9164 1329500007
20740 21445 1329432888
21480 21504 1329588414
8756 75130 1439027579
21452 21452 1330309389
21494 22369 1332601918
21494 24403 1339570673
21498 21557 1329719369
21536 20798 1329676422
21538 21545 1329701319
21576 21680 1330126276
21601 24461 1340313500
21606 10235 1415882377
21622 21621 1329946967
21619 21759 1330408619
15124 32818 1365103846
21665 36655 1330267022
21665 22085 1331528737
21675 21675 1330380302
21690 83972 1449848351
21692 21687 1330185270
21692 31890 1362270585
21700 21700 1349453982
21704 39401 1378050431
21698 33333 1366689788
21252 36035 1452297499
21734 22500 1333068171
21765 21793 1330527982
21785 24024 1338212028
21787 21671 1333808747
21787 25341 1343279471
21793 20284 1330522772
21781 32436 1364393216
21781 39116 1402957901
21816 36441 1399337314
21817 21733 1330586868
21733 22325 1332473690
21825 22022 1331331620
6797 62398 1417539834
21885 37415 1374388504
20883 20883 1432347300
21180 21180 1371586791
21966 21966 1331480358
21979 14202 1331232429
21995 21969 1331287256
11444 24053 1338291625
21999 10747 1331833993
21985 62554 1417657460
21985 51668 1449559419
14549 14549 1382548808
20099 22024 1331338202
22036 34746 1370616325
20561 20561 1331496610
5697 27201 1350121413
9065 28074 1352880069
14925 24727 1340759238
22083 22080 1331527221
73942 22141 1332372885
22112 22112 1359901334
21810 25730 1345210344
21925 22196 1331957326
21864 20568 1341014304
19421 22553 1333264275
22094 22295 1332361704
10747 66112 1421674574
21753 78041 1439396125
22167 20568 1331862814
22166 43888 1386586668
22186 22156 1331932491
22156 83845 1449621190
22191 22199 1331961245
22204 27590 1351369301
22215 26192 1368683995
22237 27659 1351553987
22250 22349 1332200123
21265 22252 1332208618
22253 30209 1359271007
22253 32003 1363901541
22260 23737 1337140576
22256 21429 1332516994
22279 22279 1336624466
22278 22556 1333277615
22278 42464 1383842720
22268 24139 1338542186
22337 32427 1363992502
22337 69850 1452215808
15187 22376 1332761289
11437 82245 1447195806
22450 14218 1332904852
20325 22451 1332910397
22481 26243 1365041644
22481 31858 1365173201
22496 22553 1333551801
22501 22510 1333088469
22523 22522 1333139096
22530 78294 1441296259
21933 23077 1335221799
20840 20840 1333350467
22561 22561 1333384471
22625 22625 1333567659
22326 24501 1339949344
21868 24644 1350536865
22663 22663 1333622934
22669 10724 1334835506
22447 22385 1333751826
21884 31744 1361872724
13946 22700 1333751216
22748 22639 1333907890
22748 22769 1334903888
22722 22722 1333930530
22727 23959 1339479395
22727 6468 1357698831
22008 23327 1341738757
22802 22802 1334321917
22804 18850 1358917985
22830 22829 1334189700
21762 57656 1414182795
21332 21332 1334369683
22906 22865 1334440006
22907 22916 1334474008
22873 21992 1377052518
22917 24433 1351252971
22925 48759 1395847991
19510 22969 1334677754
22973 32101 1362971843
22977 22313 1334696770
22972 22972 1334843025
22984 23150 1335218550
23021 23018 1334797732
23034 23034 1335403827
10724 34106 1410187015
9144 9144 1410562744
23075 23083 1334968750
21697 49731 1398130758
23022 26361 1347677297
22216 27431 1352162175
22216 43465 1395904520
9479 9479 1339698138
22339 56179 1405752495
23149 23149 1335212235
23122 26460 1362071865
23200 23181 1335374427
23194 23194 1337348066
13092 10448 1346498377
23229 23238 1335486906
23232 54320 1403645186
23237 23740 1337152034
23222 12586 1336434494
23288 23306 1335728378
23327 21641 1335785275
21641 23773 1338224162
24703 24703 1374707310
22516 67018 1423804501
23398 23397 1336005824
23434 39948 1379105725
8537 8537 1337143342
23504 73755 1431815752
23520 23523 1336448470
23519 32051 1362820767
23534 25904 1345778878
23540 38433 1376117603
23584 23582 1336632896
22338 24446 1339689857
13729 23709 1337041446
13729 23843 1337574098
23743 83812 1449749680
23028 27690 1351615404
23028 11674 1351763090
21201 27279 1350357848
23578 24333 1339488135
23778 23778 1337395321
23798 24423 1339624343
23804 18264 1337414531
23812 22572 1337446909
18308 23810 1337481492
23856 23855 1337637934
23870 16666 1337697775
23900 23900 1367949478
23911 35182 1371835641
23913 49223 1455424589
23915 23915 1337855770
23762 23948 1337962799
21553 21553 1348707723
23959 23998 1338124281
23982 24016 1338178527
23991 23986 1338099630
23993 24682 1340609557
23998 24019 1338205141
23976 24035 1338245525
24034 44099 1386904792
24048 24042 1338274389
10450 10450 1438956925
24074 23164 1338349466
24043 24112 1338442013
11781 49223 1448328450
11599 27714 1356666585
23944 23944 1338521438
23980 30147 1449892284
24195 24195 1354944288
24192 30155 1376545901
22741 15052 1340124863
22741 25384 1343490193
24224 82709 1447361820
24233 75210 1449265349
24248 24228 1338965960
24228 14536 1340927513
23373 24408 1339601663
24383 24379 1339513173
24394 45045 1442175113
24396 24396 1339710304
24401 15004 1339558109
24403 24299 1339566359
24444 24430 1339688840
24460 15114 1339720965
24448 59033 1412460008
24492 22345 1340254437
24502 24715 1340811339
24527 24576 1340202597
24542 24646 1340416707
24547 24853 1341311301
24554 28043 1368800293
22345 24707 1340755410
24442 26082 1346366670
24640 24636 1340404501
24641 12081 1340738024
24645 24670 1340570129
24271 81900 1455733999
24661 24711 1340776966
24700 24695 1340680288
24781 12849 1371585030
24769 24769 1341010586
24796 26517 1348288533
24798 44152 1390272960
24768 36005 1372395381
24768 41219 1425518933
24820 49825 1398095049
24844 24843 1341277089
22470 47294 1456032734
24864 27552 1351242807
24604 24884 1341406036
24872 24872 1341730637
24978 24980 1341773179
24979 16941 1343413605
24999 25004 1341870948
24999 25325 1343231239
25013 25013 1341966320
25017 18498 1342204133
25017 41796 1382643951
25033 23013 1343278194
25054 42400 1383846469
25080 83645 1450501660
25091 25091 1342832264
16035 16035 1343332812
25099 25099 1344031235
25101 25244 1342833382
24952 25127 1342386452
25121 25121 1453959248
25146 25184 1342577665
25156 25166 1342505850
8775 29357 1361666752
25179 25207 1342667475
25194 25194 1342592244
25247 24854 1348485735
25257 72268 1430662161
25311 23064 1449026970
25312 25097 1343175801
25243 25248 1343379361
25260 16533 1343376048
16533 33600 1367502716
25390 26052 1347397109
25452 25452 1343796944
25329 25458 1343833254
25458 25465 1343862966
25476 25460 1343894922
25486 25455 1344237476
17086 17086 1344172638
25484 25552 1344272969
25105 25497 1344053487
25516 46119 1395187147
25516 56885 1409844560
25530 25560 1344299224
25542 56336 1406181735
12585 82573 1447122237
25455 27530 1385426611
25565 25565 1412604301
25577 32135 1366290684
25585 25585 1349329835
25602 25602 1345144521
25609 11638 1361283503
11841 26226 1346939902
25643 4789 1382434187
25643 59043 1412494978
25740 36836 1373428737
25743 76597 1438299817
25743 81573 1445037092
25713 11638 1361283071
25770 25772 1345282350
25770 25775 1345292247
25791 41303 1384227192
25792 29973 1364473454
20491 20491 1353693838
25799 26202 1346795156
25807 27220 1350711498
25863 49917 1398291966
25852 25935 1345871754
16464 36262 1383764390
25905 33333 1369977593
9271 11527 1346427109
25956 25954 1345992139
25985 24787 1346077655
20550 38331 1402979656
26017 26017 1349032347
26009 26030 1346250597
26041 26354 1347297692
26085 61944 1425937447
26137 23016 1346549670
23016 84169 1450229352
26152 25665 1346617704
26200 26194 1346793942
26218 70100 1428201555
26218 69991 1438229062
26226 39360 1402710732
26286 29724 1354815956
16445 16445 1348602031
26265 52877 1402520234
26300 26291 1347104057
26273 67031 1425769023
18338 84656 1451403250
26352 22315 1370525070
890 74492 1437507950
26397 26400 1347401343
27328 40637 1380474686
26449 26449 1357465684
25051 27188 1350101864
26520 26375 1347683629
26375 26722 1348381298
14967 75536 1442609168
26656 26594 1348130106
25414 27381 1369320980
26220 26630 1348151784
26250 26250 1348324970
26691 26691 1349293595
26700 48449 1395237503
26653 26653 1348274698
26766 26766 1380355453
26798 29628 1354574952
26798 84354 1450648590
26823 26825 1348775116
26825 26844 1348929956
26845 26845 1349733760
26847 82171 1446330797
26862 26862 1348979013
26860 26901 1349032175
21136 36177 1381800884
23902 50893 1400848115
25999 25999 1349415568
27018 27018 1351421879
26078 26078 1356473103
7712 27016 1349486536
27034 27034 1379645759
27047 27032 1349561494
27049 27042 1349566320
9611 64319 1419766068
17509 68847 1425605797
27189 18180 1350582903
26474 27205 1350132095
27205 33318 1367008144
27233 27229 1350259078
27229 4497 1350546599
24119 27957 1352484484
27261 25613 1350324029
27261 27345 1350577313
27287 26580 1350401508
27293 27293 1350419009
26336 35018 1371686915
26336 35139 1371760095
8639 40804 1402097160
8639 54551 1404521319
27380 27375 1350662972
39184 39184 1396610940
27404 27404 1443037582
27417 27412 1350824188
27402 27486 1351026768
27441 27457 1350942218
23874 30904 1359090357
27456 35051 1371511812
27456 42040 1395860553
23689 27222 1351055881
27576 22468 1351313072
27588 27586 1351366553
27433 50693 1405735516
27637 34714 1371044857
27681 27677 1351600313
27704 30530 1358223894
21155 32570 1364413608
27724 27728 1351811917
27724 27734 1351818292
27761 27118 1351878643
27770 30971 1359400769
27781 27789 1352516620
27828 50237 1398916914
27828 37757 1424945451
27773 19850 1352131769
27869 27869 1352247297
22073 30628 1358153078
27896 29493 1354757725
27896 29706 1354804053
27941 29762 1355005157
27967 27967 1353740632
27986 27986 1359116613
14567 18447 1407297950
27991 27991 1352757365
27960 28106 1352952678
28069 28068 1352841249
28070 78762 1441101057
27832 34296 1369335454
27832 67031 1425698415
28147 28159 1353116645
28151 28200 1353266787
23444 68302 1453120593
827 30555 1357937397
26002 26002 1359602886
73967 33904 1380790829
27895 15566 1360746715
29231 29231 1380129282
29256 33450 1369961925
29283 34519 1370175019
23252 42567 1384102508
29309 29315 1353620686
29330 24132 1367389154
29330 35500 1376080029
25202 30144 1356220740
29353 29340 1353732234
29349 29349 1353852174
29404 29432 1354146719
29413 29549 1354326626
22217 43335 1386299529
29482 24151 1354215785
29500 83898 1449721982
29543 28141 1354329673
13542 82504 1447913998
29600 29587 1354519109
29591 29680 1354689135
29617 29624 1354565425
29611 32639 1364621460
29634 30203 1357955224
29667 29547 1354670486
29671 27305 1354678997
29661 60556 1428017079
29663 20586 1367809419
29777 29770 1354988854
29797 29784 1355083656
29829 33028 1365735817
29691 29691 1355448297
29893 29891 1355375486
29902 30176 1358551236
29902 30923 1359158239
29911 31010 1359504270
29936 32612 1364527180
29968 30926 1359165847
29980 36373 1372817279
30004 66282 1422070373
30026 20527 1358283852
30041 30040 1355820806
30038 30066 1355890563
30058 30304 1357538350
30087 30077 1355948344
30090 30060 1355953257
30060 30119 1356047758
30096 30092 1355964593
30088 30088 1356038625
30116 49887 1403779266
27736 49656 1397660070
30184 24963 1356380406
30194 27002 1356408037
30172 48958 1396494238
26069 66777 1445966412
20311 41581 1382265449
30176 24152 1358790344
30209 38379 1377214001
30259 23014 1356909269
30259 33295 1367022113
30252 39142 1432067251
30252 26538 1432070215
30267 33792 1367973271
30342 21663 1357104444
30356 30379 1357253638
30375 61526 1415562310
30379 30418 1357445516
30277 30277 1357300608
30420 30418 1357445388
28011 30884 1365126192
28011 66017 1455430648
30480 30598 1358310745
30554 30545 1357878589
30376 30595 1358038987
25347 25347 1358047421
30601 30601 1358242738
30611 30610 1358096984
30611 30621 1358121636
30618 30808 1359098484
30662 30638 1358252742
30685 43166 1449510035
26756 30916 1359155830
30706 47840 1394344661
30721 41638 1423064555
30721 36367 1425943899
27932 36085 1372470724
30755 30747 1358534568
30755 58604 1428945872
27446 27446 1358553269
30781 30781 1359171714
29273 56320 1406092068
19325 46332 1391520527
19325 64045 1421582817
21271 36752 1387579136
30846 30846 1358974483
18850 50356 1404321900
29444 30263 1358963271
30868 30855 1358980554
30879 30879 1359025460
30924 25337 1359162118
25337 31352 1360628226
26705 26705 1413284042
30933 30943 1359224795
8846 8809 1426929297
30997 31020 1359522145
19684 39635 1378500623
31071 32051 1365776226
21482 33954 1368506668
21482 51596 1416172128
29879 56318 1410883661
31026 53091 1409539827
31026 78216 1440552399
31164 31162 1360023819
31052 31052 1360208850
31233 69037 1447784273
31085 31085 1360292829
20105 37017 1421977847
27974 49491 1404448208
31301 31300 1360443697
31242 31242 1360540755
30641 35183 1380425793
31324 64308 1428869159
31331 61219 1414927588
31331 78672 1444130098
31348 37911 1375240466
31278 31278 1364767913
31275 31607 1361407994
50650 31512 1361648776
31421 35180 1371834020
31424 40542 1380240367
31461 31461 1361025073
23228 68294 1424392187
31476 49572 1401852484
31178 31178 1361073080
31524 13095 1369556223
31530 32008 1362670334
31549 26925 1361568494
24132 43445 1388312241
29738 31533 1367293978
31285 31285 1361324651
31622 31963 1362527636
31664 31664 1361928509
31684 31684 1361834084
31715 24620 1361769084
31721 31718 1361772490
12055 25514 1368488303
31750 19096 1361888930
19096 45682 1390062317
17630 29326 1361892110
17630 56123 1406448056
31751 69909 1427765220
2306 31752 1361914464
31802 31802 1362181663
31803 27153 1362459362
31818 41604 1382312847
31789 31789 1362139418
31864 31939 1362546672
31923 31923 1365938981
31931 16714 1362448267
31937 76377 1437770278
27153 34106 1368878244
31947 16301 1374210902
31495 54529 1406489352
31952 31952 1362555440
31978 31006 1362727272
31990 51383 1401352306
21919 32695 1364864741
31960 32421 1363984091
31960 32948 1365538252
32010 32007 1362663637
32026 32026 1362716344
26295 26295 1362725638
37371 32274 1364007641
37371 33700 1367712036
32083 27805 1363043071
32143 20726 1363132214
32142 32163 1363192497
32156 32156 1363165748
32057 53094 1403063515
32197 32216 1363333760
32223 32223 1363377812
32259 32259 1364879106
32271 33047 1365815937
32271 33328 1366673819
32274 47969 1394330305
26510 24930 1363571112
14835 14835 1443329100
32372 21685 1366413133
30525 49954 1398366697
32409 32638 1364623306
32409 32612 1364781895
32424 33998 1368978552
32463 32462 1364097919
32474 32472 1364127898
32483 32749 1364913146
32526 41513 1382134020
16852 37703 1387219668
32436 32644 1364643322
32602 19928 1364504160
36186 32599 1364663432
32695 32706 1364817227
32720 15019 1364856267
23476 82533 1447030831
23476 84210 1450390688
32798 56318 1408898052
32809 32809 1371181258
32818 33015 1365791100
32817 38509 1387874189
17508 32847 1365201158
32871 37786 1374890679
32882 33905 1368384402
32907 32869 1365411021
32910 32905 1365424158
32467 32467 1410660435
32958 32958 1365605632
27445 67011 1423737671
24859 32970 1365604703
24859 30999 1367254800
32999 33367 1366751931
32994 32994 1365692015
33013 33004 1365700925
33028 32710 1365737066
33032 68799 1425495718
33041 31821 1365763925
33047 33450 1367040243
33091 33083 1365943632
26698 26698 1371330788
33058 33122 1366054760
33141 45223 1436740344
33141 22810 1449010981
32135 33497 1367125078
35324 33290 1388003392
33209 76083 1436993486
22055 82650 1452917983
22235 22235 1366341004
21685 25563 1385013439
33254 33269 1366428490
33291 33289 1366556758
33386 32480 1366810036
32480 16301 1374214062
33090 45570 1389976737
33441 23455 1366953629
33441 35037 1371845771
33434 33434 1367259480
33481 33479 1367089203
33509 33509 1436936120
30999 44901 1388971387
33518 57615 1412759260
33538 83295 1448567861
33550 33550 1403965585
31451 31451 1396512567
33616 33614 1367499292
33631 33604 1367540982
33650 48933 1396231702
33648 38799 1376872707
33664 74494 1433313740
33666 33711 1367784636
33701 51770 1402855537
33698 33829 1369291461
33749 33745 1367882732
33751 33765 1367904828
33736 33736 1368002275
26223 51456 1401558326
27219 72287 1440185564
33640 61299 1429952850
33828 38713 1376721977
33828 41807 1383623704
33854 75934 1439485475
33858 33912 1368325539
33702 33702 1368413770
42411 41219 1383784229
33829 33850 1368492426
33974 33960 1368568684
33998 33996 1368595735
33996 47184 1392901838
34008 34007 1368624988
34011 66475 1422568693
33835 34534 1369924909
33852 34314 1369474185
23197 23197 1368842918
34117 34117 1369229410
34170 75338 1438574438
4422 34157 1369082576
34213 34213 1369152379
34217 34217 1400010748
4836 34268 1369283268
34259 41142 1440881360
34221 34221 1369308108
33757 34717 1370656395
34276 34276 1369695358
24482 34177 1369434446
30302 30302 1369622100
33520 33520 1369547326
34154 34430 1369701014
34451 34414 1369735439
34414 34510 1369870507
34436 57680 1409567532
34511 34743 1370605500
32185 56095 1405599417
34544 84208 1450475346
34598 34568 1370161559
34640 34580 1370338178
34640 37661 1377130706
34687 34573 1370462133
34256 34680 1370484440
34256 38585 1386275928
34692 34721 1370560545
34707 34345 1370539648
34719 68790 1425494038
34671 32830 1372987377
34735 34744 1370605526
34735 75291 1435040603
20418 34755 1370636579
15899 15899 1407850268
34723 34821 1370842409
34777 34875 1370993252
34807 34821 1370967410
34858 34976 1371256403
34870 34767 1370985078
33946 33946 1371070405
31603 86358 1454906963
34726 38032 1375357791
34473 41156 1432520327
34978 23795 1371260085
34984 34984 1371676324
10199 10199 1371525290
34944 34944 1371833280
35074 35065 1371580493
19456 35079 1371590825
35115 35245 1372032782
35228 35228 1371962942
35245 35186 1372032367
17243 41577 1382578085
35098 35405 1372173524
35609 44158 1389486443
35810 26342 1379715704
35745 84528 1451162813
11152 35875 1372352593
36014 58913 1412256169
36099 36063 1372480249
36073 36073 1372623529
35066 35066 1372688056
36302 61328 1424772436
36302 42137 1424831070
35545 73412 1434382488
35946 35946 1393631455
36162 36826 1406093151
35468 36545 1373004861
36506 36865 1373474977
36575 40381 1392235320
36575 66148 1421866809
36591 73982 1432295127
30909 36605 1373112603
36619 88440 1457001628
36707 73980 1432303718
36707 78693 1441054602
36779 40564 1453447977
36887 36972 1373629640
36895 39117 1397360014
36972 46129 1416490002
37033 37028 1373715516
37028 66333 1422208939
15342 34094 1373741478
15342 36614 1438833243
33290 56120 1405674057
26012 50427 1425713305
37087 37104 1373863539
13042 13042 1424287893
37134 37134 1373940173
36450 37618 1374623231
37259 50752 1400043096
37238 41512 1382133514
37238 61573 1415636920
37308 37320 1374202651
25700 38926 1378310346
37338 37372 1374266237
37144 37144 1379390044
37410 37400 1374327329
32036 35222 1374468262
35222 65792 1420799218
37394 38393 1376067036
35800 37024 1374550446
36892 40054 1380561480
37661 38037 1402583878
36110 39492 1378993835
25563 37778 1374890017
34063 34063 1384046119
37849 37891 1375116248
37934 41143 1381442099
37934 61276 1415041886
37843 47245 1393000014
37987 78465 1440387465
37987 70060 1445930942
38075 38075 1406157241
37216 38743 1376779335
38190 58051 1410424434
38129 38129 1375737421
38297 38283 1375894232
38308 57103 1408015179
38324 81636 1445181466
38337 38330 1375956400
38375 37803 1376002211
35433 38402 1376061613
37405 45482 1389765673
38435 38445 1376123143
38532 68564 1424987145
38532 68903 1425722975
37762 37762 1376442201
38630 38630 1456285295
38295 38295 1376609376
38610 39289 1377767437
38798 38798 1377192139
38852 61367 1415214344
36155 46845 1392197207
38965 57321 1410385678
38971 38521 1377201249
39005 41486 1382110353
39005 42397 1383757521
38654 44293 1393283186
38322 38322 1396562492
36805 36805 1441672846
39086 39086 1411389450
39117 33549 1377771834
33544 39177 1377575979
39227 39284 1377755868
39284 82323 1446680631
39246 40489 1381080415
39246 44126 1386966794
39307 39304 1377799450
39307 25123 1406959167
39348 39348 1386704361
39380 54541 1446065815
39359 62507 1437774536
39359 78627 1441964439
39229 41269 1381722442
35872 39589 1378407987
39677 26349 1378949450
39758 44326 1387335719
38585 43402 1387854442
39885 43949 1386714462
39883 44868 1388685076
40116 40074 1379445624
40087 33878 1393875768
40133 40138 1379476188
35733 49598 1397523620
40042 40042 1382709903
39428 57941 1440731729
40051 40051 1379907148
40368 69584 1427128042
40437 40421 1380061430
31059 43318 1385511994
40472 42547 1384255485
40476 40476 1380257931
40502 45431 1389565059
40592 39756 1380359188
39756 56150 1427238905
40595 40589 1380366140
11183 11183 1383117943
35183 73776 1431902852
39804 39804 1381520099
40671 40654 1380537067
40659 42091 1385755644
40054 42327 1383620625
40432 40432 1439015414
35445 35445 1380571092
39310 39310 1450549687
40748 40752 1380686058
40782 61608 1454842551
40779 64203 1420450224
27400 45063 1388966921
40921 40921 1413348645
40924 86429 1455045931
39915 26401 1381132564
558 558 1382845456
40995 40933 1381173161
41051 80160 1451622771
40038 36622 1449942609
41140 41064 1381441283
41166 43793 1386372648
41142 41998 1416510052
34341 34341 1452024474
41258 45979 1444833166
41306 41306 1381853797
41371 38698 1381964732
41301 43571 1386055651
41301 57757 1455712701
39485 42545 1383981626
41401 41410 1381974276
41438 41455 1382058309
19126 76745 1438699510
41514 45658 1389988562
41568 41568 1382375582
41596 27358 1382301074
41590 57280 1421178031
41759 34419 1383165636
41759 31757 1383972260
38052 70211 1447949549
41818 41771 1382671252
41837 41837 1391695584
40439 46997 1392737617
39684 62347 1420424289
41900 30633 1383780876
41900 56727 1449753483
12604 42317 1383611870
41187 41187 1428600624
41916 48489 1440579264
7265 7265 1400544966
40998 42656 1391810615
40998 75921 1436580438
41997 42232 1383438560
42004 81320 1444535101
42038 42642 1384205040
42059 42355 1392550879
40145 46127 1391651083
40145 58046 1410407094
41650 50507 1399490656
41650 76076 1436988911
39351 69497 1427132201
31308 42210 1383367693
31308 17440 1398509719
42346 42340 1383644119
42261 75921 1436651128
42375 42373 1383699681
42387 42409 1383776663
42384 54349 1403715273
42409 69621 1436391504
42483 41802 1383865013
40835 65937 1423819276
42488 16146 1383871215
42513 19370 1383906560
38196 38196 1424799496
42693 41704 1384305168
42676 84353 1451167720
39939 58913 1412256715
21124 47533 1393498641
42389 42389 1384483172
42851 81847 1445672339
6059 6059 1438223705
40458 43439 1387636329
40458 51479 1401576087
42944 42945 1384841698
40804 58307 1442034950
42407 42407 1384897207
43014 14555 1384959323
43060 43190 1385321964
37212 29876 1385130632
42021 42021 1395823884
42690 42690 1445307309
43192 43192 1385333542
43198 36622 1425538843
43129 37158 1426567946
43222 12122 1385373412
43265 80315 1442372365
43270 47893 1394176695
37354 38109 1409860758
43318 69653 1427407002
43309 49089 1396584425
43324 80361 1442470899
40723 84772 1451651361
13917 37893 1406335074
43478 31866 1385807117
43528 43528 1424392326
14563 17386 1386394695
43560 65937 1445653512
43569 43552 1386054644
43569 43716 1386284971
43735 43738 1386306389
43793 43946 1386716871
43796 44565 1393378204
43821 50081 1422707807
43888 8948 1386585995
40349 51325 1434861918
43938 13748 1386853420
24642 47752 1393962213
44022 74606 1452315210
44115 44906 1388814615
44169 58682 1414700551
44162 41612 1429071038
37336 37336 1411258482
44255 48140 1394657871
44363 44349 1387416721
35706 41255 1389865003
44547 44464 1387725180
17651 17651 1387801129
44596 44592 1387846852
44620 44602 1387892299
39853 44667 1388028642
44701 44701 1388318189
44729 44678 1388186992
44763 44771 1388298517
44812 60848 1433886550
44812 78273 1439914318
44790 68582 1454854156
44862 39522 1388467215
44862 45657 1390003071
37875 41662 1388482859
37875 62130 1428479468
37002 37002 1428971814
44928 44928 1388791533
44967 45064 1388896382
44967 42367 1391822684
36098 58488 1427106875
45000 50417 1399388272
45145 52933 1402658435
45212 69665 1427362597
45214 45356 1389400279
45469 45469 1390629996
45482 60728 1413928722
45615 62709 1434377178
45116 54330 1403680210
2937 48029 1394456764
45262 46975 1390141451
46975 67040 1423786141
45746 38249 1390888109
42542 44979 1390269099
26038 45733 1390370295
45864 46046 1390848945
45864 46164 1391028381
45868 46660 1391784680
44362 50073 1398627999
44362 69380 1426693635
45932 45982 1390685368
45982 45115 1390724393
35683 35683 1412145114
46078 46078 1390899380
40520 84700 1454270288
46094 46094 1391049750
46167 27790 1391035414
40640 60602 1413547640
45947 41928 1441815555
46291 46292 1391287888
38989 54396 1429504250
46332 46344 1391397288
40109 45915 1391409607
46433 58455 1411286918
46424 46929 1392355836
46461 46326 1391463111
46464 59377 1414625162
46472 46472 1426518781
43701 8329 1408534061
46298 40218 1391818637
46298 50471 1399420908
46566 14440 1391638083
14440 49765 1398411374
46575 49434 1397286231
46575 49066 1397450252
32261 48503 1395335173
46626 37687 1410412962
33672 56289 1406039623
33672 84137 1450176193
41305 41305 1391982897
46773 44534 1396967386
46773 49628 1398700312
46867 46867 1427336185
46889 41235 1392271963
46747 63936 1418566209
46903 16507 1414598182
46918 46900 1392350064
46900 47184 1392979216
46987 59348 1412984162
33156 50903 1400345713
46551 84431 1450961498
47136 56839 1407382663
46952 46952 1392800961
47144 81216 1444335357
47144 82914 1447837938
22079 46599 1392805303
47189 56972 1407937871
43138 75682 1441259535
47260 47593 1393713038
47269 47279 1393062429
47256 35648 1393045621
47256 66649 1423036853
35648 47294 1393114626
47328 47347 1393213062
46039 46039 1393210314
46931 46931 1393220603
47356 47356 1393252587
47365 47224 1393239480
47373 47368 1393260263
47391 47391 1454390722
41736 47586 1393558394
47482 50262 1399666806
47469 47369 1396178877
47544 46859 1393605093
47586 49265 1396980206
41901 41901 1393588603
47510 47510 1433482261
37708 37708 1398186659
33804 75826 1443730731
44175 70252 1446978702
31724 62674 1454456449
47925 69226 1427466806
37433 48255 1394840924
47958 47958 1442079129
47999 47094 1394382702
47964 50157 1398748179
47430 39773 1394457550
47430 56668 1455988035
48096 59303 1455858581
40014 47971 1394634732
40883 56563 1406682060
40883 56594 1409627946
47499 62762 1418108882
39874 42292 1404969302
48273 48296 1394916782
48366 48391 1395100796
30366 30366 1395362898
43172 49031 1396916037
39537 88568 1457221097
46785 38114 1399392268
46785 85303 1452891089
48503 18261 1412783831
48505 48504 1395342452
37612 67034 1429556614
48531 48531 1420568697
48136 48136 1395417545
48547 68219 1432024992
36677 36677 1395513434
48584 41416 1397193007
48584 50537 1399611380
41522 41522 1395605706
48609 65857 1420969886
34464 49013 1396408622
48752 48752 1395921400
37096 37096 1440483572
48772 48760 1395887675
35486 59209 1426645769
48757 50718 1399926537
48814 47772 1395951054
48851 48903 1396152889
42598 74456 1433226512
48831 37757 1425002118
48831 75158 1437612940
48933 49777 1397965560
46129 74550 1433409985
43672 48944 1396326608
36604 76417 1439712342
41626 56180 1406667358
41626 70498 1442123932
49045 50651 1399747156
20408 50718 1400189894
49117 56234 1405924697
48519 80127 1442010678
1759 74264 1432817382
44137 50447 1399406007
48954 49266 1396901832
49058 52964 1404233651
49406 49409 1397098105
49672 55922 1405657921
49672 54557 1405569820
38807 76241 1437541624
49446 49460 1397186091
49446 49483 1397238291
31944 31944 1397181512
49292 49292 1397188883
49492 64564 1420273989
40206 88134 1456423567
36985 49044 1397344837
36221 68526 1424914383
40564 84637 1452733568
49066 57782 1409824312
49628 50039 1398545780
45600 68910 1453472014
45740 50937 1400403111
39954 84179 1450325013
48408 50662 1399771848
46677 44937 1397793944
47345 68730 1425352812
34774 34774 1397968427
49822 56379 1406258133
49849 52957 1402696597
40932 69419 1426774125
47897 51492 1401650628
49919 51542 1401781785
49936 49928 1398326444
49957 48265 1398367614
48265 57617 1411768255
48790 49990 1398400573
7606 7606 1399925367
17440 54479 1404288202
50066 49203 1398610585
50064 76255 1437449298
37777 50086 1398653655
50128 50133 1398729480
50081 70432 1441900120
50164 50163 1398758104
50099 27469 1430108735
50265 23272 1406233452
14972 80388 1442556326
50355 50353 1399221507
50388 50993 1400529307
50311 50311 1399374074
43056 75290 1439720076
41322 49105 1399573463
50560 51415 1401820453
38068 50606 1399675644
50610 76105 1444237665
50655 50739 1399954708
50667 31814 1399780306
50685 29337 1399848283
50721 31888 1399934302
50793 74773 1433949271
49684 49684 1400148935
50857 50857 1400358738
47396 80267 1446339034
50673 73791 1431976508
50922 50922 1400559521
50886 37582 1400880567
33646 51244 1401089930
51260 51189 1401405915
51275 51275 1409858973
39762 39762 1429283526
51189 41862 1433841212
51389 62334 1417236128
51414 50442 1401423693
48562 85181 1452748861
51514 51514 1401751725
51521 49491 1401728631
51537 24551 1401758873
51525 57129 1412364810
50068 82544 1447051247
47931 51685 1402094696
47931 67113 1424022732
51685 1693 1454022419
51761 51770 1402262080
51757 51780 1402270387
51757 51466 1402322103
51780 80912 1444284142
52863 68708 1425323514
52871 60766 1414088199
38136 38136 1402965926
52918 78484 1440455457
52964 56399 1406258742
38966 68866 1425655849
53012 53008 1402875240
51690 51690 1432373053
51632 57241 1412221745
53064 47090 1406951928
15860 67193 1431359649
53127 70150 1428217736
50438 50438 1403664863
54240 47301 1403383466
37759 54379 1403778297
37759 54396 1403834203
44590 61055 1414620436
52960 52960 1403755249
54395 54380 1403812245
38416 58042 1423461076
41840 41840 1403914419
54441 86484 1455231639
42804 61091 1414694914
54524 75826 1442522034
53000 21035 1404252584
54628 78647 1444402802
33064 33064 1440381361
49907 49907 1404489240
51508 56639 1411493186
51508 58860 1412200709
54430 57641 1409442436
54667 56885 1407953579
54668 54718 1404677539
54610 54610 1406485722
54440 54440 1406285500
55922 60686 1413831151
52843 55971 1405288424
55976 55976 1421578015
56050 50409 1405484941
50409 43850 1445866686
50658 32968 1407206741
56158 58585 1412218681
56188 53071 1405785924
56188 81899 1445963725
54548 54548 1405809069
56187 56670 1406957795
56187 81224 1444344271
55889 56340 1406138568
48586 48586 1405893518
56217 56217 1455701337
56379 2237 1406259015
52842 56421 1406308595
52842 62347 1431370967
38711 59283 1418155493
38711 68866 1426095985
56505 56625 1406838658
56505 70211 1447361117
56565 18447 1406684703
56547 56547 1409520184
53152 53152 1406709115
42636 56671 1406965979
56594 57348 1409208102
47264 59178 1412740495
25123 62742 1418221307
56827 56873 1407475050
56921 56859 1407618760
56980 56980 1455679833
36477 57010 1407819329
57021 62560 1449863385
57145 57139 1408093618
57145 58096 1447294117
57161 57159 1408128155
54268 56901 1408163578
54268 57469 1409018033
57250 57250 1408399521
57256 57245 1408410870
57255 57255 1410198250
56995 45340 1408470541
57285 54403 1424562416
57291 69709 1427432792
57020 50746 1414010698
51335 59203 1436616806
57356 57356 1408818256
56910 57668 1409528989
47322 57022 1408941543
57022 68845 1425933013
45027 57368 1408895426
57428 58669 1411766101
56524 57472 1409004892
57472 58392 1424132084
57458 57458 1449530619
56292 61515 1417377700
57467 39419 1425770103
57544 80774 1443632095
56727 62374 1417297510
57736 57736 1409788612
57858 57518 1409881875
57872 57871 1409931109
57425 39015 1410186215
48067 56287 1410330012
52833 52833 1410238599
47484 57973 1410275527
58017 58014 1410331914
47855 69534 1426989070
57975 58356 1411072211
54245 64390 1419833107
54245 84012 1449904148
58018 52811 1449520308
43088 64203 1419228988
48826 48826 1414191804
58171 57992 1411506625
58180 60731 1432087729
58203 70593 1432162210
58203 36254 1432162712
31055 31055 1410838551
58271 58112 1410926744
58340 59203 1436618377
58368 57714 1411092894
57714 57714 1411180017
58395 65864 1420987876
58439 25692 1411251328
58455 58455 1421053963
41777 59245 1412810180
58499 64365 1419750134
58559 58559 1411576083
58604 69630 1427225318
58628 62791 1418160590
58628 49151 1422946687
48094 69320 1427327709
58673 58660 1411774266
58660 58660 1413087789
13514 58784 1412189941
58718 61965 1416449345
57448 64354 1419722153
58952 68473 1424823948
58947 59021 1412447632
59043 59046 1412497749
59056 58745 1412588056
59189 59189 1412826376
59200 59196 1412717895
41452 62787 1448645365
59249 36579 1416383696
57571 64067 1418860902
57571 61960 1431703914
59256 48857 1412804419
50614 60461 1413279317
50614 50614 1431221279
59292 59292 1413187501
50563 59298 1412901724
59294 56449 1412908118
58125 74880 1434121792
36146 27870 1415921768
60602 59115 1413548438
59115 60863 1414186508
60603 60708 1413864529
60651 60682 1413936819
60732 88188 1456525172
26538 58233 1414068479
26538 75682 1441238649
35873 43195 1414146789
60960 26355 1414424332
60684 62003 1416474186
60984 49739 1414468917
60984 61420 1415436124
37840 61077 1418324265
58682 61738 1423775476
58682 81335 1444574389
61106 61107 1414787724
58141 45285 1415153563
61235 61235 1415059081
60491 60480 1415172209
61328 58888 1416017375
61411 61411 1431246322
58975 58975 1428018010
61494 61520 1415543695
61504 61489 1415529834
61531 61531 1415619942
61531 69144 1426195373
61349 45979 1420458185
61709 68579 1425466071
27870 84404 1450904184
61783 61783 1416534264
58888 62800 1420242429
61860 61860 1417028925
61879 61197 1416212387
61197 61197 1426654167
61472 49129 1429529930
61894 63957 1418887160
61960 87669 1455539576
36579 78716 1441013251
61966 36997 1416397910
50309 84849 1451879521
62003 68935 1426010863
43715 43715 1416590965
62113 62113 1416715416
49151 40409 1444130425
49151 58609 1450286416
51478 51478 1439219222
62279 66650 1422942348
62310 60814 1417142688
62398 62405 1417371219
62398 44189 1417443755
46290 46290 1445986635
62412 61743 1417391415
60535 57713 1429490030
62466 62384 1417507641
62471 80115 1441913817
60439 60439 1417572945
62562 60589 1424824230
62562 70313 1455112301
62647 79986 1441617334
62593 59172 1429581912
62593 62593 1451758762
62639 62639 1445275928
62356 55871 1417910007
61506 55866 1425746772
62813 62813 1418232626
37757 87904 1456862690
62810 70684 1429393353
40644 62786 1418412177
40644 66623 1435676524
40644 76134 1437095497
63869 73658 1431952683
63981 66721 1423702985
63943 51134 1418714498
64028 84249 1450377122
63957 82111 1446192931
35899 64163 1419086012
64163 59011 1427173367
64231 64231 1420434802
64252 64499 1431995299
64253 64253 1419408885
64003 82307 1446617994
63958 63958 1419723267
64355 64194 1419725476
64194 81206 1448130975
62195 66134 1421721728
62195 68708 1425702184
41757 66044 1424055954
47116 47116 1430177849
64534 74044 1432440527
61461 54656 1423194988
64704 64704 1421999540
65801 69991 1427982723
65820 65820 1421204624
65878 45707 1440020998
65878 84846 1455590335
65787 65787 1421120345
56617 72273 1452093218
65954 65954 1423202344
65975 83033 1448062876
65915 65915 1421540452
65915 40324 1427896581
66047 65916 1421457898
66130 66130 1421903275
66216 66010 1421935530
51668 83929 1449783032
51668 83880 1450296764
58424 64413 1422404439
66413 66413 1422514244
64556 66369 1422456785
64556 84182 1450484984
66084 66425 1422475405
66393 74895 1434139162
66133 66133 1422514681
66461 60913 1422544709
66513 33129 1422642989
61479 76857 1439037581
66678 68773 1426139680
66678 20562 1427002121
50324 50324 1423160111
66682 66693 1423090201
66721 22591 1423110602
56668 67018 1423752523
43849 66444 1423465723
43849 66993 1423723581
56926 68366 1429641516
10668 10668 1436353617
67107 72327 1431119946
67107 75853 1438614896
67036 67036 1423960640
60986 74129 1432611640
67118 76004 1438807046
69591 69591 1430533285
69591 80000 1441652002
67162 83246 1454063754
67007 81335 1446519617
57977 36758 1424351965
40888 82672 1452911062
68279 47228 1433012520
68356 52936 1424612383
59023 32355 1424559798
32355 32355 1425243513
35394 70126 1428605954
35394 30147 1449852716
52936 85059 1456787887
68411 68410 1424675252
68411 68401 1424678367
21917 68382 1424779972
68382 68382 1438413214
51223 71116 1430362695
51223 65899 1444159736
45188 69452 1426822874
68572 68559 1424997227
45505 45505 1425112444
68302 43438 1442440861
68302 62684 1447822077
54797 54797 1425527925
68722 69757 1427534991
68746 25505 1425384035
68779 68777 1425437296
46907 32812 1425637993
64248 64248 1425678708
57088 68953 1425864352
39419 68974 1425904931
66638 62656 1425856662
68935 68935 1432865532
68981 69216 1426352901
69091 72317 1430779757
37266 82006 1450659630
69214 69214 1426368825
69067 69244 1426418990
66323 66321 1426393791
69244 70270 1428654006
64308 64308 1426517982
59011 69546 1427167547
69443 69463 1426839831
69466 69642 1427235950
69474 69474 1432155233
69474 68208 1436006251
69470 69371 1426927913
37942 37942 1428589054
46681 70873 1429804214
69525 69525 1427471328
35927 69559 1427159878
69630 69630 1454609393
69558 74913 1434169434
69558 74597 1434283976
69709 69335 1427345928
69665 19431 1427364101
69763 71040 1433177198
69775 73500 1431202024
69775 85294 1452882044
69556 84088 1450073548
69902 62190 1427756337
27058 69868 1427767663
61532 44192 1428952805
69940 70295 1428538394
69949 69887 1427840747
69949 80739 1443311576
69974 76565 1438238186
70008 69895 1427941172
70079 71040 1430156598
70247 66034 1428439737
70380 58456 1433901650
69586 69586 1428716043
70404 46719 1428754693
46002 16710 1439011280
70461 73972 1443446200
70501 82759 1447474116
70501 83409 1448826973
70453 70453 1428995987
70508 70508 1451132906
69851 69851 1429030500
45653 75274 1452046669
70060 78713 1442572782
70060 69078 1442894269
70572 11010 1431058740
69542 69542 1429298621
39142 56620 1450748370
60731 45171 1449016676
60731 85395 1453067282
70760 70858 1429758147
70853 86491 1455151380
49673 73680 1438564520
66288 72273 1430791378
70856 70856 1429856176
71011 74542 1433458799
71011 81583 1446159801
71011 82828 1447802445
71040 69931 1443823646
30178 71070 1430210781
71117 70494 1430302250
68599 68599 1430701729
71166 71182 1430432483
71171 74404 1433116134
71218 82176 1446632757
40272 71200 1430629788
70252 70252 1430776959
51716 78539 1448599806
73430 69540 1434384819
45707 78386 1440146011
73467 75449 1435474469
73500 73900 1433112391
57784 57784 1432993039
73756 4435 1431818116
57982 57982 1440445190
39374 73842 1432017377
73879 42993 1432076474
73879 68248 1432350427
73938 73846 1432362282
73972 61069 1432382488
74027 74027 1432436257
74161 74161 1433167882
74281 74359 1433033677
74307 74307 1457244188
70464 76211 1437369645
35652 69196 1433133297
45564 84637 1454040687
74448 64314 1433212611
74459 74459 1433234494
74463 74240 1433246901
74606 74601 1433517077
74606 74634 1433570831
33725 46856 1433664386
70621 70621 1433753723
74683 50302 1433738844
74696 74696 1433818859
74696 79901 1441406755
74763 74762 1433883686
62680 47167 1434176659
62680 62135 1438438335
62680 83134 1448634858
70313 34481 1434024774
74773 85651 1453945314
74794 74858 1434418367
43022 75341 1435162981
62135 62135 1444729196
70654 70654 1434226635
75053 75096 1434543112
75065 43000 1436128872
69977 69977 1444909256
75187 75185 1434733229
75114 40232 1435475117
75227 75219 1434870873
69613 69613 1438201268
51505 75158 1435099814
51505 82229 1451321425
75338 75338 1443660958
75274 73660 1446345763
66016 66016 1440540398
37389 75549 1435707335
75549 46921 1442852970
75290 76570 1444647207
20200 75693 1436044642
75616 87711 1455664071
75660 76335 1437651478
68208 75816 1436343944
74651 84637 1454275789
75698 75701 1436089636
75693 80216 1442177823
75685 36185 1444273227
75685 12283 1445206746
27467 75940 1436659947
75795 74842 1436316692
75321 75321 1449550386
75818 75830 1436396974
75572 75905 1436983190
75853 60693 1438585537
15505 47044 1456033421
76060 48278 1436929417
76060 79906 1441414805
76105 76103 1437025895
76106 76106 1438437403
76115 80034 1441737169
51290 76259 1437451355
76102 76102 1439697822
66009 78465 1444282481
76189 75058 1437262065
75933 52811 1455592251
66877 76128 1437609182
76332 76317 1437640083
76332 76345 1437682370
76332 76700 1438622136
76359 84608 1451329796
75426 75426 1439733836
76412 81632 1445166054
69275 76462 1438025012
76454 76454 1438027860
76483 80747 1443326534
69331 69331 1438111324
43593 43593 1438155490
76501 76501 1450002468
76633 25369 1438383040
76541 80242 1442212259
74045 75246 1438796830
75246 88134 1456401449
76857 76857 1439255249
73784 84243 1451815342
76875 76590 1439001750
16710 86258 1455481175
77923 38816 1445728177
77923 85395 1453064582
76894 77945 1439384030
78100 78100 1439430608
78148 78148 1439489427
76500 78254 1439843138
54761 78256 1439844786
78262 78262 1446219381
78301 78294 1439935918
61682 40263 1440055362
40263 82420 1448999545
78386 78416 1440214581
78465 85239 1454371768
78474 78474 1440435557
78474 78867 1441331383
48489 78375 1440494142
78535 70019 1440971415
78539 78606 1440958995
78539 81429 1444768141
78417 78417 1441008075
78738 78726 1441052815
78756 78756 1457255904
77929 54789 1445117170
79906 82343 1446780459
76698 76698 1441819400
75719 75719 1441621814
73785 73785 1441847473
80085 80092 1441863454
78554 78554 1449943448
80173 80090 1442132883
80186 80186 1442078583
78871 78871 1442226811
46936 80276 1442402426
80304 86273 1454712247
80013 81368 1445105499
80013 80013 1445299893
80361 82538 1447055675
58664 58664 1442616167
76352 82209 1446452054
80449 78164 1442679666
58688 84179 1450243693
80559 80559 1443048646
59215 59215 1443169614
80675 38943 1443164288
80739 83633 1449693993
54263 83300 1448670002
69932 80885 1443633830
80886 80886 1443741215
80710 84966 1452576750
69505 69505 1449076423
80925 81090 1444102761
81044 81148 1444193719
81126 80791 1444168231
74411 74411 1452868922
81174 81177 1444248054
76570 87911 1456230194
74274 74274 1444357174
81258 19927 1444403089
81135 84419 1450784898
81311 81776 1450614393
81335 83050 1454288919
81305 81305 1444582415
76506 76506 1444743192
41585 88516 1457107181
81368 81838 1453408995
81309 82497 1446967533
12283 80940 1445202295
81607 86172 1454561744
81746 56222 1445430971
81854 16302 1445660286
6671 86093 1454435072
66777 83625 1450385444
82010 81925 1445979388
47945 32803 1446191570
47945 47945 1446192268
19341 19341 1449121145
82201 82201 1446438776
82179 84144 1457016770
82230 82230 1446506823
82229 76736 1447898050
82229 39342 1448499608
70693 70693 1446686988
80247 82739 1447434792
45451 82436 1446911439
82500 54783 1446976774
54783 85835 1457162871
82504 82491 1446989160
82560 68203 1447097191
82627 82627 1448225858
66731 66731 1447225064
82666 85529 1453386609
81220 81220 1447462770
76736 82724 1447726050
22491 22491 1447592036
76238 83374 1448751404
82814 82802 1447638962
82843 75500 1452000978
56578 51327 1447815401
82434 82434 1447872656
82938 84044 1454718291
82852 82852 1448932371
82840 82840 1456183747
83022 84433 1450827038
83236 83236 1449815895
81605 80376 1448560127
75786 75786 1448624180
83134 84549 1451304452
83134 87779 1455718636
81645 61075 1448730411
61075 84439 1450837154
83366 20796 1450382423
83409 50609 1448934014
83246 83246 1448922448
83598 57888 1449178290
57888 70015 1453930166
83633 74305 1450284323
83633 88183 1456529072
83783 62032 1449531294
82672 84225 1450338059
82672 88496 1457069228
83971 84556 1451162175
83997 83997 1449887017
83581 84351 1450639436
84415 84415 1451111298
76600 87890 1455915452
84431 58847 1450834799
84431 85539 1453405034
84404 37681 1451087784
84475 84499 1450979377
84490 50860 1455280903
84526 84543 1451112245
35397 84604 1451305925
84664 84833 1452410345
84664 84664 1452427891
84557 84558 1451696670
84390 84390 1452001754
74300 74300 1451475897
85022 85022 1452465555
84955 84955 1452353737
51450 68232 1452722137
84700 84700 1455409377
85239 50868 1452810012
85303 50758 1452979734
85369 31058 1453018636
85386 82691 1453034954
83671 83234 1454540257
85379 85586 1453469438
85554 83501 1453441127
85570 79911 1453445728
85570 58993 1453531811
85550 85550 1453483274
85711 85211 1453937513
85099 85160 1453824167
85801 85801 1455905585
85130 88210 1456980313
81414 83186 1454443114
84919 84919 1454500531
86142 86142 1455769807
70229 87969 1456097963
86429 87778 1455689679
86465 77998 1455119240
51178 86581 1455455214
86661 55853 1455501699
87777 80736 1455688698
87779 83681 1455799949
87779 87844 1455825157
86100 74936 1455720339
87910 87902 1455945382
87940 87940 1456187165
46135 86577 1456195473
87911 87911 1457143258
88104 38854 1456513804
88134 49136 1456855469
88133 83225 1456402163
88166 56362 1456458529
88277 88277 1456761576
88153 88153 1457040657
88505 88505 1457130931
48476 88291 1457154113
