9301 9266 1284805057
9354 9372 1284971697
3655 9369 1284961668
9379 8870 1288900896
9431 9721 1285985878
9468 9470 1285273581
8363 7987 1295309469
6842 16888 1398285900
9569 9625 1285798135
6322 51778 1415081870
9661 27760 1353443128
9668 33643 1367586333
4019 9732 1286016601
9769 12835 1297231609
7540 9525 1286233115
9792 9798 1286261863
9776 18505 1318818823
9810 9807 1286318006
9818 9835 1286392631
9825 29294 1353562743
9834 73884 1432079794
9094 10977 1290299203
9823 9869 1286486033
9899 12047 1294296372
9926 9968 1286880671
9934 62446 1417522499
9712 9951 1286835277
9952 9913 1286837398
6588 7611 1288240478
3462 33399 1366851816
10050 10052 1287060892
10049 32630 1364593612
9565 18492 1318527268
10112 10104 1287295483
9458 12234 1297883599
10118 10124 1287342393
10155 10193 1287582888
10189 10386 1288250687
9858 20484 1326254579
10299 17719 1315692249
10204 13520 1299676445
10317 10343 1288125498
10327 10954 1290200264
10331 19191 1321057352
10453 10402 1288489785
10481 73395 1440549605
10549 10555 1288862837
10570 11964 1307159178
5115 10611 1289071724
10622 36233 1372632086
10679 16989 1313433540
10775 10928 1290113102
10849 12374 1295926752
10857 10887 1290042916
11019 15693 1321661413
11043 17565 1319511704
11056 26145 1346724415
10111 12998 1298095903
11094 20033 1332199705
11172 11177 1291092274
11220 13437 1299415373
11216 47573 1396415420
10712 15872 1318985664
11277 34716 1370551495
11291 8707 1311455553
11218 18305 1328530056
11498 11522 1292182704
11445 69133 1426164356
7409 11575 1292401998
11588 11601 1292469356
11595 26388 1347383429
11598 11778 1359176925
11629 12965 1297669874
2019 11630 1292571695
11745 15573 1307141962
11761 11730 1293006329
11662 11764 1293017002
11800 8941 1293175052
11262 15014 1306251802
11830 12132 1294675507
11821 11838 1293405702
19943 19905 1323868895
11974 11970 1294083332
8202 19881 1331962767
12082 18131 1327138883
12057 17489 1314931599
12126 21317 1328990537
11608 6770 1296321286
12605 25511 1411083328
4112 62253 1320337229
12187 12409 1298539860
6542 15308 1321313544
12242 64369 1419776783
12249 12650 1296536727
12336 17987 1316655608
12341 41364 1384404797
12362 16371 1329248317
12377 12380 1295629038
12366 12389 1295671077
12397 12309 1296104648
12390 12361 1295820325
12484 84477 1450940172
11046 22490 1333073487
12520 12519 1296080912
12290 33256 1366405671
12601 32511 1364374449
12631 23648 1340859975
12676 12679 1296651104
12706 9516 1309271804
12647 19142 1344033315
12755 84788 1451700242
12763 12759 1296993795
12554 62178 1416807754
12774 25258 1342899561
12751 16855 1312982272
12803 43683 1433444210
12823 21626 1329958143
12824 12860 1297317447
12826 53211 1403309218
12843 41009 1381203861
12847 14335 1302697829
12932 12931 1297554019
8264 39536 1379651516
13054 37434 1378210164
13008 13064 1298068560
13072 13085 1298145871
13074 21067 1328177819
13108 17100 1313240512
12653 19664 1335569849
13144 13145 1298344938
13150 13154 1298368670
13189 13184 1298511854
13199 13121 1298518645
10306 61671 1415801082
13249 13247 1298693700
13245 19836 1323673023
12563 13307 1298958704
8379 7816 1333370480
13278 13277 1298828784
13292 27235 1350499765
11938 18334 1322176540
13326 46433 1396476364
13358 18960 1320252615
11661 22892 1334371020
13393 16846 1312127639
13402 13394 1299262000
2189 78846 1441299072
13420 10148 1299307792
13475 16704 1311574253
13481 14771 1304801929
6429 15821 1333495533
13431 41262 1381708720
13547 5546 1300980534
13530 85140 1452650804
13559 27301 1350432956
13611 13608 1300013166
13663 13413 1300221330
5043 56434 1406399434
13289 24313 1343354012
13718 19835 1323439466
13738 13737 1300461901
13731 80109 1442027894
13751 13755 1300517371
13794 39042 1377296478
13799 13824 1300819747
13838 10777 1300856325
13803 42491 1383883088
13927 13331 1301185978
13948 14013 1301474959
13959 13960 1301336552
10304 13984 1301406386
13000 13978 1301390998
13997 37885 1375109097
14031 68347 1457141122
14049 13983 1301573427
13753 18805 1319680647
14148 14702 1307832676
13363 17271 1313890524
14161 14156 1302062541
14169 38998 1377235863
14170 30280 1356842749
14187 14241 1302462794
14226 68384 1453394141
14255 14260 1302517034
14266 54612 1404409631
14322 14325 1302679523
12027 46591 1408079691
14371 14476 1303126401
14362 15358 1306375967
13384 15597 1307402217
13684 15445 1306701904
14468 14464 1303086310
2026 13874 1303139980
14481 14509 1303223076
14510 15423 1306593704
14512 22232 1332123260
14546 14541 1303311703
14593 14711 1303894881
14601 39280 1416377445
14621 17077 1313036019
14632 14644 1303625799
14163 18578 1318842213
14716 14288 1303964473
14794 19784 1323757359
14441 17735 1315807933
14788 15295 1306116745
14705 14816 1304279237
14689 12781 1304943437
14896 14098 1304635089
13506 87983 1456184608
14916 15254 1305929961
14940 2197 1305066165
14958 15040 1305190329
14976 33462 1367028724
15031 15794 1308161651
15032 22635 1342851305
15058 16395 1310522983
15056 26931 1349228540
15111 15118 1305461548
15112 15110 1305429950
15161 49461 1397186925
15246 38750 1376792307
15265 13736 1305990370
15311 16058 1309288089
15351 66490 1422600547
15379 15427 1306690010
15331 15417 1306562820
15440 15435 1306688049
15443 12135 1306698315
15457 18317 1317863358
15463 15479 1306817087
15488 21962 1331176420
15493 16478 1310749339
13562 15520 1306963581
15604 60976 1414451137
14037 9945 1418284892
15638 27385 1350671461
15666 15900 1308600127
15688 15555 1307676153
15478 24580 1340792581
15728 17277 1313909121
15632 17927 1316473500
10972 15696 1307925609
15765 1199 1322239983
15785 15798 1308173027
15672 24565 1340159407
1043 15813 1308256895
15689 32988 1365652688
15630 19146 1320893019
15828 18961 1320357611
15808 54464 1403970445
15841 15839 1308322192
15843 41756 1401315613
15869 15863 1308448714
15882 16103 1309474104
15921 16910 1312338881
15931 15928 1308723110
10833 22943 1334605517
15951 1981 1309376631
15782 37656 1413833693
14744 19206 1321141814
16064 16066 1309302931
16087 11040 1315487923
16109 80168 1442022398
16120 26737 1397587849
16203 16142 1309947930
15970 30334 1357073274
16117 27365 1351364538
16275 16260 1310014641
4315 16600 1311284432
16386 16348 1310505489
16389 17228 1313696321
12637 21505 1336590292
16425 17682 1323051611
16504 38328 1375943696
16526 44747 1388230061
16511 16529 1311020195
16559 73874 1432093436
16557 85170 1452625127
16561 16013 1311076569
14941 29944 1355543986
16554 10776 1332892051
16673 16689 1311498611
15280 17217 1313661502
16144 16813 1311978371
16823 16399 1311994498
14304 16842 1312128659
16882 21710 1330502510
16948 16505 1312476660
16872 16447 1315298417
16686 16492 1312790934
17016 17054 1312981319
16937 5679 1318452882
14492 16155 1313102683
17079 17087 1313117944
17104 17069 1313132223
17085 30906 1359091143
17128 16637 1313282286
17022 38198 1375737766
17325 17345 1314146968
17255 25766 1351377434
17332 17423 1314465573
17377 34591 1370120074
17417 27574 1351311533
17456 17598 1315236725
17497 17495 1314774971
17492 22456 1332921290
11173 33542 1368044848
17539 17536 1314945303
17253 26620 1348017366
15539 21253 1328798835
17695 33221 1366310511
17705 17701 1315632183
16675 17791 1316019471
11555 9031 1316083381
17880 17878 1316281190
14499 17923 1316465046
10271 48647 1395676681
17980 18107 1317888394
17994 18006 1316741741
18000 30149 1356228372
18025 18012 1316814784
18048 55865 1443780243
18072 13947 1317063161
18168 18163 1317347129
18181 19254 1321309623
18184 21743 1317499573
18204 18353 1318002228
18241 18237 1317608429
18291 22224 1332088863
18313 19265 1321319865
18282 33730 1367833298
18382 18381 1318120484
18425 18441 1318320660
11528 18450 1318456331
18474 32387 1382054082
18478 12750 1321002720
18534 18579 1318853615
18630 18626 1319008914
18645 74634 1433622371
18702 27976 1382924962
11978 20085 1324420385
18749 27712 1351883942
18757 22001 1331287355
18768 66155 1421791888
4566 21237 1328756415
18810 33467 1367480969
18818 18861 1319844173
18836 19145 1320889627
18839 20136 1324640053
18957 48458 1395252283
18996 18995 1320353573
19012 54267 1424828399
19047 19209 1321147158
19051 45288 1389895023
19115 19150 1320897292
19132 19152 1320898080
19172 65819 1420877611
18910 38172 1379988838
19203 16131 1321112857
19216 48161 1394717045
11733 24393 1339538103
18349 25035 1341997142
19318 21636 1329965423
16054 19500 1322195666
19378 21528 1330216309
19425 58944 1412298465
6628 30322 1357097429
19693 19697 1322885918
19774 22712 1333783609
19821 50244 1398934148
19889 17898 1323941955
19959 33871 1368198435
19945 20137 1324648582
15235 30164 1356327320
20063 20086 1324410198
20067 15695 1355879967
20070 19076 1324342669
20073 17528 1324346903
20114 20111 1324541860
19731 21069 1328233934
20146 19730 1324716347
16380 20258 1325305102
12766 17623 1325010168
20208 20212 1325046272
20254 20247 1325191660
20260 20255 1325206964
20272 47778 1393996492
20417 18942 1329234430
20506 20867 1327471986
10847 32577 1364428429
18589 29480 1354234765
20626 20629 1326752038
20696 20778 1327164311
20709 74631 1433561944
20732 20806 1327612519
20768 22247 1340686910
20852 20812 1327423334
19113 37373 1386696014
20886 22343 1332490806
16716 20922 1327681493
21002 13980 1327990668
21019 21007 1328020997
21025 21020 1328033168
21082 21070 1328228181
21028 7183 1341914586
21183 21182 1328577961
21202 21233 1328740050
21256 44980 1390426952
18044 27497 1351049809
21325 75949 1436690471
36952 57323 1408581963
21437 36812 1373499614
21435 9164 1329500007
20740 21445 1329432888
21480 21504 1329588414
8756 75130 1439027579
21498 21557 1329719369
21536 20798 1329676422
21538 21545 1329701319
21576 21680 1330126276
21601 24461 1340313500
21606 10235 1415882377
21622 21621 1329946967
21619 21759 1330408619
21252 36035 1452297499
21734 22500 1333068171
21785 24024 1338212028
21816 36441 1399337314
21825 22022 1331331620
21885 37415 1374388504
21995 21969 1331287256
11444 24053 1338291625
21985 62554 1417657460
20099 22024 1331338202
22036 34746 1370616325
5697 27201 1350121413
22083 22080 1331527221
21810 25730 1345210344
21925 22196 1331957326
22094 22295 1332361704
21753 78041 1439396125
22191 22199 1331961245
22204 27590 1351369301
22215 26192 1368683995
22237 27659 1351553987
22250 22349 1332200123
21265 22252 1332208618
22256 21429 1332516994
22268 24139 1338542186
15187 22376 1332761289
11437 82245 1447195806
22450 14218 1332904852
20325 22451 1332910397
22501 22510 1333088469
22523 22522 1333139096
22326 24501 1339949344
22447 22385 1333751826
21884 31744 1361872724
13946 22700 1333751216
22830 22829 1334189700
21762 57656 1414182795
22906 22865 1334440006
22907 22916 1334474008
22925 48759 1395847991
19510 22969 1334677754
22977 22313 1334696770
22984 23150 1335218550
23021 23018 1334797732
23075 23083 1334968750
21697 49731 1398130758
22339 56179 1405752495
23200 23181 1335374427
13092 10448 1346498377
23229 23238 1335486906
23232 54320 1403645186
23237 23740 1337152034
23222 12586 1336434494
23288 23306 1335728378
23398 23397 1336005824
23434 39948 1379105725
23504 73755 1431815752
23520 23523 1336448470
23534 25904 1345778878
23540 38433 1376117603
23584 23582 1336632896
22338 24446 1339689857
23743 83812 1449749680
21201 27279 1350357848
23578 24333 1339488135
23804 18264 1337414531
23812 22572 1337446909
18308 23810 1337481492
23856 23855 1337637934
23870 16666 1337697775
23762 23948 1337962799
23982 24016 1338178527
23991 23986 1338099630
23993 24682 1340609557
23976 24035 1338245525
24034 44099 1386904792
24048 24042 1338274389
24074 23164 1338349466
24043 24112 1338442013
11599 27714 1356666585
24192 30155 1376545901
24224 82709 1447361820
24233 75210 1449265349
23373 24408 1339601663
24383 24379 1339513173
24394 45045 1442175113
24401 15004 1339558109
24444 24430 1339688840
24448 59033 1412460008
24502 24715 1340811339
24547 24853 1341311301
24554 28043 1368800293
24442 26082 1346366670
24640 24636 1340404501
24641 12081 1340738024
24645 24670 1340570129
24271 81900 1455733999
24661 24711 1340776966
24700 24695 1340680288
24781 12849 1371585030
24796 26517 1348288533
24798 44152 1390272960
24820 49825 1398095049
24844 24843 1341277089
24864 27552 1351242807
24978 24980 1341773179
24979 16941 1343413605
25033 23013 1343278194
25054 42400 1383846469
25101 25244 1342833382
24952 25127 1342386452
25146 25184 1342577665
25156 25166 1342505850
8775 29357 1361666752
25247 24854 1348485735
25257 72268 1430662161
25311 23064 1449026970
25312 25097 1343175801
25243 25248 1343379361
25390 26052 1347397109
25476 25460 1343894922
25484 25552 1344272969
25105 25497 1344053487
25530 25560 1344299224
12585 82573 1447122237
25740 36836 1373428737
25791 41303 1384227192
25792 29973 1364473454
25799 26202 1346795156
25807 27220 1350711498
25852 25935 1345871754
16464 36262 1383764390
9271 11527 1346427109
25956 25954 1345992139
25985 24787 1346077655
20550 38331 1402979656
26009 26030 1346250597
26041 26354 1347297692
26085 61944 1425937447
26152 25665 1346617704
26200 26194 1346793942
26286 29724 1354815956
26265 52877 1402520234
26300 26291 1347104057
26273 67031 1425769023
18338 84656 1451403250
26352 22315 1370525070
890 74492 1437507950
26397 26400 1347401343
27328 40637 1380474686
25051 27188 1350101864
14967 75536 1442609168
26656 26594 1348130106
25414 27381 1369320980
26220 26630 1348151784
26700 48449 1395237503
26847 82171 1446330797
26860 26901 1349032175
21136 36177 1381800884
23902 50893 1400848115
7712 27016 1349486536
27049 27042 1349566320
17509 68847 1425605797
27189 18180 1350582903
24119 27957 1352484484
27287 26580 1350401508
27380 27375 1350662972
27417 27412 1350824188
27402 27486 1351026768
27441 27457 1350942218
23874 30904 1359090357
23689 27222 1351055881
27576 22468 1351313072
27588 27586 1351366553
27433 50693 1405735516
27637 34714 1371044857
27681 27677 1351600313
27704 30530 1358223894
21155 32570 1364413608
27761 27118 1351878643
27770 30971 1359400769
27781 27789 1352516620
27828 50237 1398916914
27773 19850 1352131769
22073 30628 1358153078
27941 29762 1355005157
27960 28106 1352952678
28069 28068 1352841249
28070 78762 1441101057
28147 28159 1353116645
28151 28200 1353266787
827 30555 1357937397
73967 33904 1380790829
27895 15566 1360746715
29283 34519 1370175019
23252 42567 1384102508
29309 29315 1353620686
25202 30144 1356220740
29353 29340 1353732234
29404 29432 1354146719
29413 29549 1354326626
22217 43335 1386299529
29482 24151 1354215785
29500 83898 1449721982
29543 28141 1354329673
29600 29587 1354519109
29591 29680 1354689135
29617 29624 1354565425
29611 32639 1364621460
29634 30203 1357955224
29667 29547 1354670486
29671 27305 1354678997
29661 60556 1428017079
29663 20586 1367809419
29777 29770 1354988854
29797 29784 1355083656
29893 29891 1355375486
29911 31010 1359504270
29968 30926 1359165847
29980 36373 1372817279
30004 66282 1422070373
30026 20527 1358283852
30041 30040 1355820806
30038 30066 1355890563
30058 30304 1357538350
30087 30077 1355948344
30096 30092 1355964593
30116 49887 1403779266
27736 49656 1397660070
30184 24963 1356380406
30194 27002 1356408037
30172 48958 1396494238
20311 41581 1382265449
30209 38379 1377214001
30267 33792 1367973271
30342 21663 1357104444
30375 61526 1415562310
30480 30598 1358310745
30554 30545 1357878589
30376 30595 1358038987
30618 30808 1359098484
30662 30638 1358252742
30685 43166 1449510035
26756 30916 1359155830
27932 36085 1372470724
29273 56320 1406092068
21271 36752 1387579136
29444 30263 1358963271
30868 30855 1358980554
30933 30943 1359224795
30997 31020 1359522145
19684 39635 1378500623
31164 31162 1360023819
20105 37017 1421977847
31301 31300 1360443697
31275 31607 1361407994
50650 31512 1361648776
31421 35180 1371834020
31424 40542 1380240367
23228 68294 1424392187
31524 13095 1369556223
31530 32008 1362670334
31549 26925 1361568494
29738 31533 1367293978
31622 31963 1362527636
31715 24620 1361769084
31721 31718 1361772490
12055 25514 1368488303
31751 69909 1427765220
2306 31752 1361914464
31818 41604 1382312847
31864 31939 1362546672
31931 16714 1362448267
31937 76377 1437770278
31495 54529 1406489352
31978 31006 1362727272
31990 51383 1401352306
32010 32007 1362663637
32083 27805 1363043071
32143 20726 1363132214
32142 32163 1363192497
32057 53094 1403063515
32197 32216 1363333760
26510 24930 1363571112
30525 49954 1398366697
32463 32462 1364097919
32474 32472 1364127898
32483 32749 1364913146
32526 41513 1382134020
16852 37703 1387219668
32436 32644 1364643322
32602 19928 1364504160
36186 32599 1364663432
32720 15019 1364856267
17508 32847 1365201158
32871 37786 1374890679
32882 33905 1368384402
32907 32869 1365411021
32910 32905 1365424158
27445 67011 1423737671
32999 33367 1366751931
33013 33004 1365700925
33032 68799 1425495718
33041 31821 1365763925
33091 33083 1365943632
33058 33122 1366054760
33209 76083 1436993486
33254 33269 1366428490
33291 33289 1366556758
33090 45570 1389976737
33481 33479 1367089203
33518 57615 1412759260
33538 83295 1448567861
33616 33614 1367499292
33631 33604 1367540982
33648 38799 1376872707
33664 74494 1433313740
33666 33711 1367784636
33749 33745 1367882732
33751 33765 1367904828
27219 72287 1440185564
33640 61299 1429952850
33858 33912 1368325539
42411 41219 1383784229
33974 33960 1368568684
34008 34007 1368624988
34011 66475 1422568693
33835 34534 1369924909
33852 34314 1369474185
4422 34157 1369082576
4836 34268 1369283268
33757 34717 1370656395
24482 34177 1369434446
34154 34430 1369701014
34436 57680 1409567532
34511 34743 1370605500
32185 56095 1405599417
34544 84208 1450475346
34598 34568 1370161559
34687 34573 1370462133
34692 34721 1370560545
34707 34345 1370539648
34719 68790 1425494038
34671 32830 1372987377
20418 34755 1370636579
34777 34875 1370993252
34858 34976 1371256403
34870 34767 1370985078
31603 86358 1454906963
34726 38032 1375357791
34978 23795 1371260085
35074 35065 1371580493
19456 35079 1371590825
17243 41577 1382578085
35098 35405 1372173524
35810 26342 1379715704
35745 84528 1451162813
11152 35875 1372352593
36099 36063 1372480249
36162 36826 1406093151
35468 36545 1373004861
36506 36865 1373474977
36591 73982 1432295127
30909 36605 1373112603
36619 88440 1457001628
37087 37104 1373863539
36450 37618 1374623231
37259 50752 1400043096
37308 37320 1374202651
25700 38926 1378310346
37410 37400 1374327329
37394 38393 1376067036
35800 37024 1374550446
36110 39492 1378993835
37849 37891 1375116248
37843 47245 1393000014
38190 58051 1410424434
38297 38283 1375894232
38308 57103 1408015179
38324 81636 1445181466
38337 38330 1375956400
38375 37803 1376002211
35433 38402 1376061613
38435 38445 1376123143
38610 39289 1377767437
38852 61367 1415214344
36155 46845 1392197207
38965 57321 1410385678
38971 38521 1377201249
38654 44293 1393283186
33544 39177 1377575979
39380 54541 1446065815
35872 39589 1378407987
39677 26349 1378949450
39758 44326 1387335719
39885 43949 1386714462
39883 44868 1388685076
40116 40074 1379445624
40087 33878 1393875768
40133 40138 1379476188
35733 49598 1397523620
39428 57941 1440731729
40368 69584 1427128042
40437 40421 1380061430
40472 42547 1384255485
40502 45431 1389565059
40595 40589 1380366140
40671 40654 1380537067
40659 42091 1385755644
40748 40752 1380686058
27400 45063 1388966921
39915 26401 1381132564
40995 40933 1381173161
41051 80160 1451622771
41140 41064 1381441283
39485 42545 1383981626
41401 41410 1381974276
41438 41455 1382058309
19126 76745 1438699510
41514 45658 1389988562
41596 27358 1382301074
41590 57280 1421178031
38052 70211 1447949549
41818 41771 1382671252
40439 46997 1392737617
39684 62347 1420424289
12604 42317 1383611870
41997 42232 1383438560
42004 81320 1444535101
42038 42642 1384205040
42059 42355 1392550879
39351 69497 1427132201
42346 42340 1383644119
42261 75921 1436651128
42375 42373 1383699681
42384 54349 1403715273
42483 41802 1383865013
42488 16146 1383871215
42513 19370 1383906560
42693 41704 1384305168
21124 47533 1393498641
42851 81847 1445672339
42944 42945 1384841698
43014 14555 1384959323
43060 43190 1385321964
37212 29876 1385130632
43129 37158 1426567946
43222 12122 1385373412
43265 80315 1442372365
43270 47893 1394176695
43309 49089 1396584425
40723 84772 1451651361
13917 37893 1406335074
43478 31866 1385807117
14563 17386 1386394695
43735 43738 1386306389
43796 44565 1393378204
40349 51325 1434861918
43938 13748 1386853420
24642 47752 1393962213
44115 44906 1388814615
44162 41612 1429071038
44255 48140 1394657871
44363 44349 1387416721
35706 41255 1389865003
44547 44464 1387725180
44596 44592 1387846852
44620 44602 1387892299
39853 44667 1388028642
44729 44678 1388186992
44763 44771 1388298517
44790 68582 1454854156
36098 58488 1427106875
45000 50417 1399388272
45145 52933 1402658435
45214 45356 1389400279
45615 62709 1434377178
45116 54330 1403680210
2937 48029 1394456764
45746 38249 1390888109
42542 44979 1390269099
26038 45733 1390370295
45868 46660 1391784680
46167 27790 1391035414
45947 41928 1441815555
46291 46292 1391287888
40109 45915 1391409607
46424 46929 1392355836
46461 46326 1391463111
46464 59377 1414625162
43701 8329 1408534061
46626 37687 1410412962
46889 41235 1392271963
46747 63936 1418566209
46903 16507 1414598182
46987 59348 1412984162
33156 50903 1400345713
47136 56839 1407382663
22079 46599 1392805303
47189 56972 1407937871
43138 75682 1441259535
47260 47593 1393713038
47269 47279 1393062429
47328 47347 1393213062
47365 47224 1393239480
47373 47368 1393260263
47482 50262 1399666806
47469 47369 1396178877
31724 62674 1454456449
47925 69226 1427466806
37433 48255 1394840924
47999 47094 1394382702
47964 50157 1398748179
48096 59303 1455858581
40014 47971 1394634732
47499 62762 1418108882
39874 42292 1404969302
48273 48296 1394916782
48366 48391 1395100796
43172 49031 1396916037
39537 88568 1457221097
46785 38114 1399392268
48505 48504 1395342452
37612 67034 1429556614
48547 68219 1432024992
48609 65857 1420969886
34464 49013 1396408622
48772 48760 1395887675
35486 59209 1426645769
48814 47772 1395951054
48851 48903 1396152889
42598 74456 1433226512
43672 48944 1396326608
36604 76417 1439712342
49045 50651 1399747156
49117 56234 1405924697
48519 80127 1442010678
1759 74264 1432817382
44137 50447 1399406007
48954 49266 1396901832
49406 49409 1397098105
38807 76241 1437541624
49492 64564 1420273989
36985 49044 1397344837
36221 68526 1424914383
45600 68910 1453472014
45740 50937 1400403111
48408 50662 1399771848
46677 44937 1397793944
47345 68730 1425352812
49849 52957 1402696597
40932 69419 1426774125
47897 51492 1401650628
49919 51542 1401781785
49936 49928 1398326444
48790 49990 1398400573
50066 49203 1398610585
50064 76255 1437449298
37777 50086 1398653655
50128 50133 1398729480
50164 50163 1398758104
50265 23272 1406233452
14972 80388 1442556326
50355 50353 1399221507
50388 50993 1400529307
41322 49105 1399573463
50560 51415 1401820453
38068 50606 1399675644
50655 50739 1399954708
50667 31814 1399780306
50685 29337 1399848283
50721 31888 1399934302
47396 80267 1446339034
50673 73791 1431976508
50886 37582 1400880567
33646 51244 1401089930
51389 62334 1417236128
51414 50442 1401423693
48562 85181 1452748861
51537 24551 1401758873
51525 57129 1412364810
50068 82544 1447051247
52871 60766 1414088199
52918 78484 1440455457
38966 68866 1425655849
53012 53008 1402875240
51632 57241 1412221745
53064 47090 1406951928
15860 67193 1431359649
53127 70150 1428217736
54240 47301 1403383466
44590 61055 1414620436
54395 54380 1403812245
38416 58042 1423461076
54441 86484 1455231639
42804 61091 1414694914
53000 21035 1404252584
54628 78647 1444402802
54430 57641 1409442436
54667 56885 1407953579
54668 54718 1404677539
52843 55971 1405288424
50658 32968 1407206741
56158 58585 1412218681
55889 56340 1406138568
42636 56671 1406965979
47264 59178 1412740495
56827 56873 1407475050
56921 56859 1407618760
36477 57010 1407819329
57021 62560 1449863385
57161 57159 1408128155
57256 57245 1408410870
56995 45340 1408470541
57285 54403 1424562416
57020 50746 1414010698
56910 57668 1409528989
45027 57368 1408895426
57428 58669 1411766101
56292 61515 1417377700
57544 80774 1443632095
57858 57518 1409881875
57872 57871 1409931109
57425 39015 1410186215
47484 57973 1410275527
58017 58014 1410331914
47855 69534 1426989070
57975 58356 1411072211
58271 58112 1410926744
58395 65864 1420987876
58439 25692 1411251328
41777 59245 1412810180
58499 64365 1419750134
58628 62791 1418160590
48094 69320 1427327709
13514 58784 1412189941
58718 61965 1416449345
57448 64354 1419722153
58952 68473 1424823948
58947 59021 1412447632
59043 59046 1412497749
59056 58745 1412588056
59200 59196 1412717895
59256 48857 1412804419
50563 59298 1412901724
59294 56449 1412908118
58125 74880 1434121792
60603 60708 1413864529
60651 60682 1413936819
60732 88188 1456525172
35873 43195 1414146789
60960 26355 1414424332
37840 61077 1418324265
61106 61107 1414787724
58141 45285 1415153563
60491 60480 1415172209
61494 61520 1415543695
61504 61489 1415529834
61709 68579 1425466071
61472 49129 1429529930
61966 36997 1416397910
50309 84849 1451879521
62279 66650 1422942348
62310 60814 1417142688
62412 61743 1417391415
60535 57713 1429490030
62466 62384 1417507641
62471 80115 1441913817
62647 79986 1441617334
62356 55871 1417910007
61506 55866 1425746772
62810 70684 1429393353
63869 73658 1431952683
63943 51134 1418714498
64028 84249 1450377122
64252 64499 1431995299
64003 82307 1446617994
41757 66044 1424055954
64534 74044 1432440527
61461 54656 1423194988
65801 69991 1427982723
65975 83033 1448062876
66047 65916 1421457898
66216 66010 1421935530
58424 64413 1422404439
66393 74895 1434139162
66461 60913 1422544709
66513 33129 1422642989
66682 66693 1423090201
56926 68366 1429641516
60986 74129 1432611640
67118 76004 1438807046
57977 36758 1424351965
68279 47228 1433012520
45188 69452 1426822874
68572 68559 1424997227
68722 69757 1427534991
68746 25505 1425384035
68779 68777 1425437296
46907 32812 1425637993
57088 68953 1425864352
66638 62656 1425856662
68981 69216 1426352901
69091 72317 1430779757
37266 82006 1450659630
69443 69463 1426839831
69466 69642 1427235950
46681 70873 1429804214
35927 69559 1427159878
69556 84088 1450073548
69902 62190 1427756337
27058 69868 1427767663
61532 44192 1428952805
69940 70295 1428538394
69974 76565 1438238186
70008 69895 1427941172
70247 66034 1428439737
70380 58456 1433901650
70404 46719 1428754693
70572 11010 1431058740
70760 70858 1429758147
70853 86491 1455151380
30178 71070 1430210781
71117 70494 1430302250
71166 71182 1430432483
71171 74404 1433116134
71218 82176 1446632757
40272 71200 1430629788
73430 69540 1434384819
73467 75449 1435474469
73756 4435 1431818116
73938 73846 1432362282
74281 74359 1433033677
70464 76211 1437369645
35652 69196 1433133297
74448 64314 1433212611
74463 74240 1433246901
33725 46856 1433664386
74683 50302 1433738844
74763 74762 1433883686
74794 74858 1434418367
75053 75096 1434543112
75065 43000 1436128872
75187 75185 1434733229
75114 40232 1435475117
75227 75219 1434870873
75616 87711 1455664071
75660 76335 1437651478
68208 75816 1436343944
75698 75701 1436089636
27467 75940 1436659947
75795 74842 1436316692
75818 75830 1436396974
75572 75905 1436983190
15505 47044 1456033421
76115 80034 1441737169
51290 76259 1437451355
76189 75058 1437262065
66877 76128 1437609182
76359 84608 1451329796
76412 81632 1445166054
69275 76462 1438025012
76483 80747 1443326534
76633 25369 1438383040
76541 80242 1442212259
74045 75246 1438796830
73784 84243 1451815342
76875 76590 1439001750
76894 77945 1439384030
76500 78254 1439843138
54761 78256 1439844786
78535 70019 1440971415
78738 78726 1441052815
77929 54789 1445117170
80085 80092 1441863454
80173 80090 1442132883
46936 80276 1442402426
76352 82209 1446452054
80449 78164 1442679666
80675 38943 1443164288
54263 83300 1448670002
69932 80885 1443633830
80710 84966 1452576750
80925 81090 1444102761
81044 81148 1444193719
81126 80791 1444168231
81174 81177 1444248054
81258 19927 1444403089
81135 84419 1450784898
81311 81776 1450614393
41585 88516 1457107181
81368 81838 1453408995
81309 82497 1446967533
81607 86172 1454561744
81746 56222 1445430971
81854 16302 1445660286
6671 86093 1454435072
82010 81925 1445979388
82179 84144 1457016770
80247 82739 1447434792
45451 82436 1446911439
82560 68203 1447097191
82666 85529 1453386609
76736 82724 1447726050
76238 83374 1448751404
82814 82802 1447638962
82843 75500 1452000978
56578 51327 1447815401
82938 84044 1454718291
83022 84433 1450827038
81605 80376 1448560127
83366 20796 1450382423
83409 50609 1448934014
83783 62032 1449531294
83971 84556 1451162175
83581 84351 1450639436
76600 87890 1455915452
84475 84499 1450979377
84490 50860 1455280903
84526 84543 1451112245
35397 84604 1451305925
84557 84558 1451696670
51450 68232 1452722137
85239 50868 1452810012
85369 31058 1453018636
85386 82691 1453034954
83671 83234 1454540257
85379 85586 1453469438
85554 83501 1453441127
85711 85211 1453937513
85099 85160 1453824167
85130 88210 1456980313
81414 83186 1454443114
70229 87969 1456097963
86465 77998 1455119240
51178 86581 1455455214
86661 55853 1455501699
87777 80736 1455688698
86100 74936 1455720339
87910 87902 1455945382
46135 86577 1456195473
88104 38854 1456513804
88133 83225 1456402163
88166 56362 1456458529
48476 88291 1457154113
