75187 75185 1434733229
75114 40232 1435475117
75227 75219 1434870873
75616 87711 1455664071
75660 76335 1437651478
68208 75816 1436343944
75698 75701 1436089636
27467 75940 1436659947
75795 74842 1436316692
75818 75830 1436396974
75572 75905 1436983190
15505 47044 1456033421
76115 80034 1441737169
51290 76259 1437451355
76189 75058 1437262065
66877 76128 1437609182
76359 84608 1451329796
76412 81632 1445166054
69275 76462 1438025012
76483 80747 1443326534
76633 25369 1438383040
76541 80242 1442212259
74045 75246 1438796830
73784 84243 1451815342
76875 76590 1439001750
76894 77945 1439384030
76500 78254 1439843138
54761 78256 1439844786
78535 70019 1440971415
78738 78726 1441052815
77929 54789 1445117170
80085 80092 1441863454
80173 80090 1442132883
46936 80276 1442402426
76352 82209 1446452054
80449 78164 1442679666
80675 38943 1443164288
54263 83300 1448670002
69932 80885 1443633830
80710 84966 1452576750
80925 81090 1444102761
81044 81148 1444193719
81126 80791 1444168231
81174 81177 1444248054
81258 19927 1444403089
81135 84419 1450784898
81311 81776 1450614393
41585 88516 1457107181
81368 81838 1453408995
81309 82497 1446967533
81607 86172 1454561744
81746 56222 1445430971
81854 16302 1445660286
6671 86093 1454435072
82010 81925 1445979388
82179 84144 1457016770
80247 82739 1447434792
45451 82436 1446911439
82560 68203 1447097191
82666 85529 1453386609
76736 82724 1447726050
76238 83374 1448751404
82814 82802 1447638962
82843 75500 1452000978
56578 51327 1447815401
82938 84044 1454718291
83022 84433 1450827038
81605 80376 1448560127
83366 20796 1450382423
83409 50609 1448934014
83783 62032 1449531294
83971 84556 1451162175
83581 84351 1450639436
76600 87890 1455915452
84475 84499 1450979377
84490 50860 1455280903
84526 84543 1451112245
35397 84604 1451305925
84557 84558 1451696670
51450 68232 1452722137
85239 50868 1452810012
85369 31058 1453018636
85386 82691 1453034954
83671 83234 1454540257
85379 85586 1453469438
85554 83501 1453441127
85711 85211 1453937513
85099 85160 1453824167
85130 88210 1456980313
81414 83186 1454443114
70229 87969 1456097963
86465 77998 1455119240
51178 86581 1455455214
86661 55853 1455501699
87777 80736 1455688698
86100 74936 1455720339
87910 87902 1455945382
46135 86577 1456195473
88104 38854 1456513804
88133 83225 1456402163
88166 56362 1456458529
48476 88291 1457154113
