28 378 1255614319
28 40 1265810518
19 44 1254646376
40 42 1254705503
40 91 1254985559
42 361 1255923472
42 299 1264747729
44 54 1254620745
56 2988 1262635522
85 679 1255921936
91 1198 1255358390
88 81 1255102417
88 791 1259568600
88 2046 1259909341
97 2578 1268157653
132 1544 1257646320
132 4960 1270601982
151 660 1256135451
151 2869 1262061230
204 164 1255309473
164 213 1255313425
30 467 1255869161
30 894 1256288166
30 774 1256633070
30 2014 1258931934
211 774 1256266705
211 2594 1278010962
1198 491 1257958187
1198 1857 1258482299
1198 1182 1260461090
142 423 1255725309
142 2955 1262543662
142 3161 1263493242
271 4275 1267260281
273 784 1256048846
273 2205 1259720625
273 1020 1261183361
299 3000 1276844755
299 5944 1276970328
1657 342 1258852412
256 405 1255662053
910 1057 1256614645
910 405 1256780336
347 336 1255584122
336 571 1256004726
336 778 1256079174
336 1058 1256352422
361 919 1256223502
361 4226 1267076025
361 2259 1273012190
986 76 1256086857
367 1253 1257301925
375 424 1257240093
375 1048 1258044815
375 1468 1258046094
345 1857 1258479095
345 1546 1258753739
345 5513 1274624627
399 405 1255663755
398 398 1279146200
182 1065 1256357637
424 490 1255823494
424 772 1256022577
422 887 1256170508
422 2117 1259382574
422 3615 1264750089
434 3472 1264273152
434 3597 1264694988
434 2576 1264822525
434 6753 1268199363
445 107 1257517859
445 1389 1257518346
436 1273 1276186219
423 648 1255894394
373 5714 1274918208
373 7445 1279259512
322 778 1256067807
438 975 1256457708
492 3405 1263994491
492 1835 1265523644
492 2555 1269847191
519 397 1271111376
519 5464 1272045301
519 5641 1272370858
519 5197 1272458931
397 5281 1273979300
539 1327 1260880034
467 590 1255848878
550 333 1256272273
550 1163 1256596361
538 562 1255831472
538 2578 1264905282
570 5483 1271932698
572 179 1271505649
607 1388 1257180304
607 5000 1270002165
607 5108 1270339284
607 1050 1277786241
621 702 1255944053
621 956 1258586218
617 2978 1262623653
617 4128 1266729907
617 3920 1266733696
625 4118 1266711247
669 668 1255911437
668 744 1256263322
673 807 1256090296
673 956 1276929579
98 1938 1261205501
689 4110 1267030765
689 4994 1273908850
689 5609 1273937311
687 4747 1270177633
704 663 1255944902
663 1093 1256488411
732 4671 1271569303
728 1027 1256366241
728 728 1263880206
494 968 1256225727
494 7234 1278042627
756 3647 1270538107
756 1649 1271308051
571 695 1257315968
178 1733 1258096231
773 779 1256018652
774 1027 1256309998
774 146 1256685531
778 288 1256620348
342 1086 1256701316
342 644 1256809679
342 2805 1261828015
261 887 1256149020
261 877 1256192488
261 1591 1272528282
795 861 1256123388
795 795 1257179360
792 814 1256107991
792 848 1256111542
792 4036 1267970367
316 1472 1257369525
316 3318 1266333306
316 4751 1269043995
109 1800 1258751830
799 2893 1257915509
799 1654 1275665717
799 6547 1275667282
800 6216 1274466148
807 1257 1256780567
807 2245 1267756539
807 5180 1270606046
660 3246 1265110908
806 1253 1257599906
806 1592 1257699823
806 2891 1262906042
836 860 1256120056
814 876 1256136621
814 880 1256139291
814 908 1256185801
851 835 1256108542
175 863 1256122062
175 804 1257373617
175 2217 1259783596
175 6214 1279860623
873 878 1256137541
318 4011 1267764025
318 6125 1274066633
744 894 1256280812
887 3533 1264459676
894 1013 1256314274
911 55 1258585323
911 4488 1268123961
919 4544 1268345471
919 4659 1268717877
916 6099 1275430795
598 928 1256180285
928 931 1256180842
908 2003 1258994847
947 5448 1271659601
947 4863 1276298873
947 7343 1278370778
956 3888 1265638872
961 2158 1271752285
961 961 1272285634
984 3552 1269099156
996 1494 1257417175
996 5690 1274571575
997 35428 1256265065
997 1844 1261534619
997 3995 1268420185
975 4043 1266404393
35428 2044 1259632674
35428 2162 1259664598
35428 2318 1260185021
1015 2185 1268542516
1015 7093 1277653113
825 2741 1261514955
825 1735 1263348534
992 1195 1257406887
992 4199 1267031172
992 6142 1274317797
1013 1071 1256368939
1017 4466 1268076277
865 1653 1257948850
1027 1046 1256340146
818 2074 1259215696
818 478 1261545174
818 1012 1261545752
818 6679 1276060508
1034 1877 1271221768
1035 1799 1261203433
565 565 1257814572
1046 6982 1277236862
1050 2171 1277261160
1050 2312 1277261487
1084 1231 1267030339
5771 5395 1272803232
1094 288 1261129392
81883 3649 1265178780
81883 81883 1270127898
288 1643 1257909111
288 2327 1266463984
1093 1019 1258672399
1037 1330 1257017492
1037 1552 1257536933
1037 2044 1259085108
1109 4682 1270611862
1116 855 1256462906
855 1447 1257506095
1054 3819 1265414001
1124 1102 1256501649
1102 6043 1275499953
1142 1460 1258671517
707 1221 1256695091
1148 2755 1262442926
1148 1835 1263812675
838 4199 1267026761
1158 5112 1270805588
801 771 1256589886
801 1626 1258708717
1162 1162 1256595338
1179 1053 1256618815
1179 4645 1269162657
111 2242 1277683190
111 7508 1278933986
111 7694 1279383367
1177 2533 1262444677
1202 1566 1258549303
927 3885 1265613866
20584 1178 1256970590
1178 1222 1257292969
1178 1061 1257565060
1220 1404 1257244232
1216 1258 1256783299
1182 5260 1270891072
1182 3676 1271842634
1048 1261 1256909373
1048 1626 1259798807
644 509 1268306096
644 4002 1275345149
1125 1841 1258404643
1125 2046 1259974864
377 3824 1265388074
1261 4642 1269467840
1268 686 1256809753
1272 1272 1278711794
1274 1276 1256846388
1274 1354 1257443011
1281 2320 1260132388
1305 4996 1269901795
1305 5709 1273011204
1305 5428 1274414067
949 1536 1258109794
1313 2074 1259192748
1313 3285 1263619302
2258 2258 1257052608
2258 1811 1259988291
1061 1442 1257383562
1061 1172 1257988192
1061 1354 1260196918
1330 1330 1257225172
1330 1592 1257746188
1104 2903 1262233835
1104 2929 1262364162
874 5780 1272847875
1374 1389 1257228838
1389 3118 1264025458
1354 1393 1257213278
1354 1763 1259386758
1400 2192 1270529021
1253 1729 1258083911
1403 4420 1267908852
1401 1308 1257243454
1401 1184 1257276476
1120 1535 1260521586
1184 1012 1257277235
1184 3323 1263734732
1222 107 1257280676
1222 1460 1257407964
107 1429 1257289315
1437 1455 1258260171
1442 1471 1257364975
1445 7223 1277984932
695 6296 1274765739
695 6644 1275984133
1447 1927 1258682210
785 1799 1258434510
1468 1468 1257421732
1468 6742 1276311183
1470 1470 1257407437
1470 1531 1257485105
1481 4766 1269116165
1483 5506 1279304392
1406 1518 1257607305
1406 1745 1258365960
1492 7252 1279812219
1496 3410 1264038259
1214 1519 1257468649
1525 2205 1259724827
1526 1518 1257480815
1536 1761 1258151413
1536 3796 1265345464
1544 1583 1257636415
1552 1546 1257544568
1172 1898 1258597890
1172 2730 1261822408
1555 3888 1272044223
1570 1577 1257594497
1579 1579 1257609295
1592 1169 1257730732
1169 1169 1257727410
2594 3147 1263242746
1612 4580 1268441752
1612 1612 1273300346
1629 1626 1257805480
1626 2305 1266870581
1643 3923 1267087193
1649 6288 1274737566
1649 2300 1274744852
1653 1364 1257949938
1653 2320 1260855377
1662 2186 1259592778
1662 2165 1259614771
1019 1990 1258796873
936 2034 1259002541
1364 2120 1259378751
491 5147 1270530454
1627 1827 1258358123
1627 5461 1271716217
1692 1714 1258050168
1704 1074 1259287525
1713 1724 1258135693
1724 5739 1272622683
1724 4753 1272651973
1729 7332 1278347085
1761 2322 1260046616
1763 1844 1258414329
1763 507 1259451179
1763 7442 1278889691
1772 2611 1260932442
1737 1737 1258866589
1737 5712 1272997154
1779 1780 1258182499
1782 1983 1260499182
1786 2907 1262251256
1791 3907 1266124261
1619 5583 1274755483
1619 6255 1274789981
1619 5484 1274835468
1455 1794 1258258514
1810 1796 1258281226
1822 5536 1272569650
1823 1879 1258544296
1837 3291 1272235493
1841 3330 1271949106
1841 5537 1271952268
1846 1591 1258421471
1855 1862 1258494560
1855 5068 1270097238
1855 3142 1270200270
1855 5775 1272884454
1865 1864 1258504685
1877 1884 1258549658
1877 7666 1279294321
1884 1977 1259717282
1884 3844 1265512922
1886 2226 1259772717
1686 7139 1277826860
1927 6719 1277904378
1927 4002 1277906887
1928 1987 1258787038
1939 1937 1258675541
1948 1949 1258693508
1960 1960 1258734568
1969 6344 1275338632
1970 1954 1258740827
1954 2311 1259982775
1954 2766 1270617524
1979 3000 1268291958
1977 2451 1260393698
1977 3377 1265049957
1988 4747 1269055682
1993 4024 1266321580
1993 4274 1267262972
1953 6646 1278179015
1953 5714 1278184067
1953 2039 1278185833
2004 3873 1265613815
2013 2074 1263318328
2013 5340 1271268174
2013 5611 1272260701
2014 2711 1261286564
1938 6935 1277114130
2029 4031 1266656396
2029 3092 1271934604
2029 6091 1276646795
2031 7325 1278538643
2035 2347 1260155916
2035 2376 1260256604
2039 7621 1279167826
2046 2421 1260364197
2045 2055 1259107640
2045 6460 1275376216
2055 2206 1270062991
1921 3067 1262966489
1921 1676 1266679836
1921 3822 1268784652
3214 5710 1276030397
2040 2162 1259726984
507 1983 1259208672
507 2170 1260079999
507 1876 1260085545
2095 4384 1278303143
2095 6670 1278634637
2095 7440 1278637313
2096 4536 1268287942
2097 2619 1260976575
2097 5044 1270166418
2099 2102 1259297042
2110 2238 1259743273
2110 2081 1277192040
2093 2128 1259400068
2093 2140 1259443660
2113 2987 1262765676
2113 3267 1263606602
2111 2121 1259390831
2120 21108 1260236533
2117 2657 1261105208
2122 6710 1278321211
2162 4645 1268659259
1134 2446 1267138977
2164 1474 1271054932
2165 5217 1274270403
2215 3186 1266042233
2229 2229 1259724603
2226 2232 1259728483
1930 2344 1262010362
2282 2586 1261137050
2224 2482 1260483694
2318 2387 1260095357
2318 1173 1260247730
2318 2600 1260919313
1186 2380 1269557129
1186 51 1279344952
2286 3052 1262918309
2327 2536 1262947121
2327 4625 1268921397
2327 3261 1271816923
1876 3565 1264579543
2344 2876 1271101138
2344 5267 1272052597
2360 5701 1274926228
2370 2357 1260230245
2381 4767 1271011162
1530 7012 1277329232
2394 2394 1260312522
970 4246 1279502357
509 4717 1268945022
2421 3449 1264135982
2458 2447 1260407796
2454 6986 1277304493
2206 3139 1272712353
2473 2533 1261702068
2474 2509 1260579637
2490 2669 1275948290
2490 6776 1278127418
400 5312 1271889755
2231 2500 1260535946
2498 2498 1277443509
2498 5849 1277757365
2498 3770 1278007498
2515 2541 1260694539
2566 2566 1260908691
2566 2597 1260911131
2575 7092 1278990922
2575 7554 1279189440
2575 7600 1279127303
2570 5908 1274261999
2586 2586 1260976024
2597 2597 1266885601
2569 7573 1279167928
2600 2611 1260934515
2599 2733 1262405756
2612 2868 1262681939
2612 2612 1265173333
2612 2648 1265858418
2616 3502 1265234467
2616 4133 1267924213
2628 2565 1278630511
2300 4286 1267309281
2300 6100 1273910473
2300 5801 1275772806
2547 2547 1276341306
2633 2639 1261060342
2633 2785 1261750197
2649 2655 1261101163
2649 6086 1273847724
2649 5690 1273885256
2689 5802 1278702542
2146 5092 1270225215
2714 3065 1264290451
2702 4837 1269472518
2731 2293 1266466105
2731 5217 1270728733
2731 5412 1272667467
2730 2738 1261482310
2733 2884 1262154277
2735 3071 1267162908
2735 2735 1267227029
478 2641 1274160774
478 2883 1277532261
2734 3195 1263356182
2734 3031 1265924754
2734 4517 1269386828
2750 2750 1261531008
2533 3017 1262704724
2737 3536 1267159529
4696 4317 1271731470
2795 2910 1262281923
2795 3370 1263908747
2275 2669 1261767645
2275 4965 1269793639
2275 4863 1274306290
2669 5631 1272320820
2797 2797 1262563042
2797 7710 1279417187
2805 3011 1275190084
2814 2816 1261882472
2814 2047 1261984699
2814 2907 1262437183
2819 3952 1265937145
2819 5399 1272607633
2819 5323 1275991919
2833 2693 1261968141
2833 3826 1265454023
2833 4076 1267670668
2833 6466 1275861073
2693 3453 1264143254
2693 6997 1277263625
2047 5002 1274062934
2047 6486 1275518338
2868 6772 1276450534
2873 2877 1262104994
2878 2872 1262106781
1866 3620 1264770369
1866 4757 1269134334
2891 2933 1262404831
2891 2891 1262728296
2907 2929 1262339375
2907 5557 1272049487
2910 4145 1266798675
2923 3475 1274256114
2923 3676 1275886911
2865 2935 1262404227
2933 3867 1265568442
389 2974 1262647589
2876 5015 1271039094
2991 3170 1266366729
3011 5690 1275104913
3023 6818 1277275260
2604 3157 1263253108
2604 4934 1269637075
2604 5135 1270454245
3028 3024 1262780249
3028 4461 1268009902
3028 6700 1276818095
3032 4672 1268772392
3032 4974 1269871620
3032 5585 1273166268
3045 6700 1278477867
3046 3108 1264862897
3054 5705 1272636416
3065 3326 1264285683
3065 3931 1265870440
3065 6590 1275985406
2989 5210 1270769236
2902 6776 1279719088
3092 7832 1279825045
3108 6348 1274982399
3108 6571 1275782140
3139 4105 1266698255
3139 3142 1270181292
3143 3400 1269481792
3143 4361 1269717782
3143 7625 1279174137
3147 39723 1264004550
3142 3473 1270012004
3161 5660 1272804339
3195 7361 1278421109
3195 7168 1278423169
1735 4580 1268445631
3205 3282 1270788158
3210 3208 1263366273
3210 4111 1273026474
3202 2641 1273714669
3183 3183 1265865770
3149 3253 1263509021
3149 3345 1263896717
3149 3246 1263956700
3244 3287 1263619782
3246 4490 1270001554
3275 2293 1263575620
3275 4338 1273987857
3282 3029 1270810023
2192 3955 1268606456
2192 5709 1278536336
3285 3358 1263854583
3290 4130 1266741569
3118 6361 1275101678
3118 6400 1276192355
3301 3449 1264134382
1607 5217 1270862443
3293 4676 1271996475
3315 4067 1266494431
3314 3598 1264689260
3314 4707 1268904565
3333 3333 1263774819
3338 3338 1271696205
917 917 1263789051
3346 3361 1263855393
3346 6349 1274991022
1835 3919 1268775724
1835 5628 1275649027
3358 3407 1264097782
3365 3366 1263870825
3350 5305 1271099598
3350 50854 1278288846
3370 3421 1264077585
3370 3898 1265699979
3375 5712 1272880091
3375 5751 1272888213
3376 5066 1271306045
3096 3675 1265424801
3396 3233 1264645668
39723 3029 1273449139
39723 3603 1274108143
3410 5849 1273094197
3410 5965 1274311242
3427 1961 1264087925
3407 3407 1264122704
3458 3432 1264153669
3448 3609 1278900709
3467 3467 1264314207
3473 4281 1269828470
3473 4783 1269837841
3473 4915 1269839010
3160 3160 1277139945
3489 3489 1264312369
3492 3493 1264316418
3492 3508 1264370611
3493 3491 1264318199
3494 3762 1265249562
3502 3987 1266160195
3513 3380 1267143945
435 5288 1271007246
3532 602 1266798742
3533 5398 1271645775
3186 4245 1273847519
634 4005 1270538537
634 3886 1270542499
634 4806 1270655467
634 5258 1270882816
3547 5112 1272752150
3551 2739 1264510525
2739 4641 1268815066
3556 5473 1272564459
3556 3849 1276033459
3556 7773 1279658236
3574 3574 1264618044
3582 3587 1264653194
3582 3588 1264653716
3585 3590 1264659904
3590 1139 1265714987
3613 3605 1264739509
3615 7361 1278503022
3709 3709 1265034929
3709 3897 1268161580
3609 2883 1278906184
3609 7170 1279339682
3602 4048 1267583609
1139 3920 1266989506
3610 3610 1264812219
2576 3639 1264827866
3639 3685 1265016560
3639 3944 1265947842
3639 4005 1266957246
3645 3671 1264988268
3824 3824 1265046248
3377 3952 1265959522
3649 3843 1265509582
3708 3725 1265265256
3725 4635 1268614568
3700 3700 1265164203
3651 4358 1267638347
3676 3676 1268599990
3641 3640 1265203533
3641 4037 1274776664
3641 7031 1277829705
3356 4205 1267316459
3356 3029 1268685635
3356 4664 1268720679
3237 3785 1265308749
3237 7738 1279583763
3237 602 1279846144
3775 4074 1266539434
3775 4446 1271472371
3787 4357 1267617990
3803 6243 1276441394
3804 6787 1277201774
1378 3851 1265523076
1378 5851 1273052312
3837 7653 1279312237
3855 5279 1270977724
3857 5116 1270330081
3873 3827 1265625946
1537 3923 1265814470
3882 4389 1267778819
3882 4923 1269662905
3887 4092 1266820570
3887 4153 1266835816
3888 4235 1268527802
3897 4805 1269286497
3899 4436 1267949543
3899 5789 1273948444
3902 3939 1265886604
3902 3944 1265909686
3902 1874 1266643494
3902 4753 1269055756
3919 4718 1269027887
3922 3967 1265991006
2555 4971 1273773532
3931 4011 1266530233
3939 3940 1265886952
2985 4058 1266460285
2985 4100 1267065081
2985 4053 1279847238
3380 4035 1269548571
2386 5709 1276096908
2386 5701 1274219994
3995 5394 1271374910
3995 5715 1272568356
4000 76792 1266228070
4002 5903 1275322053
4002 5029 1277353804
3951 17773 1267088242
1377 4621 1270895890
2158 4302 1267408493
2158 3970 1267423279
1656 17773 1267619595
1656 4806 1269468926
1656 5268 1270944342
4041 4041 1266406620
4048 4380 1267740442
4054 4049 1266453837
4054 5394 1271375033
4055 4059 1266461434
4053 4408 1270866152
4070 3875 1266521699
4035 4291 1270447977
4035 5626 1272607542
4035 6206 1275344410
4085 4102 1266627676
4085 4252 1267182715
4085 7507 1279209699
4086 4086 1267241589
4086 5903 1276577354
4086 5583 1278309346
4092 4235 1267089176
4095 4594 1268525520
4097 4257 1267162311
4097 4267 1267201234
4108 4140 1266769953
4110 6986 1266657370
6986 5545 1271967075
6986 1411 1274184835
4111 1785 1270265704
4117 4117 1266736916
4126 4120 1266726334
4126 4606 1268954319
4126 4823 1269375580
3822 4643 1268869984
3822 6742 1277874356
3920 4405 1267850610
602 2446 1276539914
602 6349 1276733810
4135 7248 1278427518
4135 4281 1278436638
4133 4761 1269087888
4133 5938 1273265609
4133 6619 1275890129
4520 4170 1266903626
4520 6481 1275434891
1307 1307 1266868319
4170 6779 1276759321
4176 4020 1274347291
4176 6209 1274391625
4005 5701 1274231408
4005 7373 1278485649
4186 4181 1266958545
4181 4420 1267907920
4197 4020 1274583305
4200 6985 1278551219
4198 4245 1267119678
4201 2664 1266993792
358 358 1267139837
2446 6779 1276573958
4235 4245 1275089440
4235 5830 1275330230
4222 4557 1268353057
4241 3664 1273969277
4248 5466 1271724643
3536 5621 1272318064
4268 4300 1267394466
4275 4710 1268925267
4275 1668 1268940193
4275 6345 1275057096
4280 4279 1267299058
5730 5015 1276033068
4287 4288 1267313801
4291 4767 1270476315
4291 5080 1270193387
4076 3759 1268761560
4076 5689 1272490304
4076 6789 1279506804
4281 5751 1279439572
4036 5712 1273437723
4325 6205 1274377572
4325 6206 1274386866
2641 4348 1267598515
4327 2109 1274650956
4336 7256 1278043281
4336 4336 1278532624
4336 7772 1279838073
3759 4527 1268253677
3759 5329 1271188450
4348 15470 1270087651
4361 5297 1271077211
4361 6872 1276983607
4194 4558 1268356459
4272 4272 1267699905
4363 5536 1272577780
4250 4642 1268707214
2245 4491 1268111691
4401 4669 1268987564
4401 4741 1269028916
4405 4415 1267867741
4398 4481 1268095935
4087 5036 1269848507
4087 5999 1275949993
4087 7399 1278909978
4466 4732 1268975639
4503 3172 1268175697
4503 4503 1268342340
6753 4526 1276314491
4218 6926 1277669000
4507 4507 1268269143
4542 5002 1271906111
4542 7416 1278591784
4537 4537 1268526303
2610 5789 1273699753
2610 7728 1279821792
4553 7386 1278551295
4553 7534 1279046832
4568 4017 1269040244
4568 4831 1269404724
4568 5484 1278628664
4606 692 1274632597
4477 6902 1276964730
4621 4621 1273683085
4621 2783 1278644690
4622 7223 1277969017
4637 4650 1268678213
4648 7307 1278515280
4642 6883 1276913519
4659 6330 1274911867
4669 4734 1268987406
4669 6043 1274415022
4672 4672 1271905040
4682 5980 1273618563
4677 4741 1269026650
4673 2783 1278643696
4698 5484 1278298852
4710 5830 1273083878
4714 4720 1268956787
4714 4725 1268965344
4714 5219 1270728673
4753 6942 1277255425
4757 4800 1269563651
2171 4797 1269241142
4783 4904 1269543111
4799 3928 1269278085
4800 4856 1269466013
4716 5101 1271876790
4423 5644 1272339561
4423 6415 1275356426
4821 2464 1272736599
4821 5775 1272898896
4517 4517 1271636269
4261 4833 1269407854
4261 5363 1271295967
4261 6442 1278724991
4853 4806 1269455997
4626 5165 1270559922
4890 7311 1278637158
4893 4896 1269518912
4923 4923 1270733852
4923 6627 1275913245
4963 757 1269763207
4972 3926 1269876227
4915 6307 1275937469
5484 6415 1275276058
5036 5036 1270007639
4990 5683 1275387214
5000 4490 1270004128
5000 5338 1271209725
5000 5498 1271806650
5059 6400 1276183009
5072 5513 1273245183
5072 5072 1273594831
5044 5154 1270532129
3102 5170 1270584895
3102 6334 1275371783
5002 6066 1273767526
5147 5534 1271946373
5147 7328 1278333494
5147 7758 1279601509
4678 6270 1274713034
5101 7614 1279234336
5101 7666 1279560596
5108 5121 1270374371
5100 2802 1270336734
4971 6668 1278884198
5144 5090 1270521029
3886 7175 1277836554
3886 7056 1279055394
1474 5651 1272399096
5175 5555 1271995079
5175 4535 1274265500
5175 4842 1279042570
5175 7726 1279709023
5197 5273 1271000242
5197 5464 1272106377
5200 6726 1278965560
5200 7575 1279080377
5199 30395 1276728156
5231 5365 1271521977
5231 5678 1277777171
5210 6460 1278778483
5260 5275 1270942781
3755 5535 1271946594
5267 5597 1272424348
5267 5744 1272956440
5268 6524 1275543908
5273 6960 1278107863
5282 5357 1275239309
5282 7056 1279056079
5281 5651 1272356959
5313 5319 1271126814
5316 5394 1271376145
5316 5344 1271383353
5316 5555 1272002429
5340 5340 1271458532
5340 6343 1275067459
5365 6035 1276275411
5344 7228 1278966514
5419 5419 1271549371
5431 7283 1278123241
3698 2085 1271578763
3849 6779 1276795574
5378 40739 1271625839
5378 5674 1272551090
5378 4345 1274851554
3664 5462 1271718932
3664 5516 1277782072
5469 5286 1271728453
5473 6827 1272909044
5486 5633 1272328376
5498 692 1273508790
5498 7515 1278949727
5499 5314 1271922064
5453 5756 1276390141
5542 6147 1274213432
5542 6159 1274221413
5542 6898 1279732287
5523 5523 1271984503
5555 5652 1272352828
5555 5976 1273426330
5572 6415 1275758410
5583 7302 1278209232
5609 5751 1273058521
5633 5639 1272332905
5646 5653 1272362579
5654 5637 1272367698
5659 6114 1273971701
5640 5789 1273636569
5640 6035 1273639282
5675 5674 1272427386
5526 6821 1276638479
5743 7328 1278340076
5756 5758 1272747024
5756 6441 1275274342
5751 7486 1278823515
5768 6921 1277048520
5775 6270 1274669134
5802 5807 1272951245
5802 7391 1278532162
5810 6702 1278768579
5801 5830 1273371968
5801 7516 1278955266
5827 5825 1273017361
5823 7424 1278684970
36285 6013 1273554546
5830 6571 1275782201
5830 6576 1275805694
5690 6111 1273986172
1243 1243 1279260989
5903 6324 1274897621
5903 461 1275255680
5907 6415 1276912602
5360 6524 1275630643
5360 7655 1279251980
5513 5926 1273242381
5945 5950 1273282803
5945 7227 1277974960
5917 1871 1273467922
5917 6166 1274246800
5917 7247 1278012282
5917 3981 1278744210
5960 5934 1273343293
6096 6089 1273875978
5965 5701 1274923062
5965 2568 1278868186
692 5986 1273461222
692 5736 1273550577
692 6111 1273965290
5993 5766 1273523675
5766 7311 1278767435
5736 5548 1273557905
6013 6398 1275195166
5548 6089 1273870904
6015 6233 1274486391
6015 6883 1276896577
6015 7234 1277985435
6035 4046 1279228229
5724 6415 1277736026
6043 7154 1277796277
461 6104 1273946656
461 6414 1275225320
461 7667 1279643701
6082 6082 1275596480
6089 1150 1276099207
4282 4282 1273866962
6099 6107 1273950961
3213 5988 1273935387
5701 6091 1276648159
6149 5516 1274196736
6167 6166 1274243745
6209 6555 1275711589
6235 6223 1274491446
6248 152 1275077134
6266 6563 1275714938
6270 6590 1276034640
6277 6517 1275617934
3810 3810 1277497204
3810 6908 1277509244
6141 6141 1274746032
6290 4571 1274749805
6255 6590 1275984445
6324 5977 1274903402
6327 6326 1274895706
6339 7489 1279374463
6343 6369 1275046618
6348 6571 1275922733
6348 6742 1276270817
6349 6831 1276682434
6349 7254 1278065637
6366 6388 1275076275
6381 6320 1275064179
6320 1720 1275713922
6418 6398 1275159649
6398 6459 1275361325
6433 6475 1275424397
6438 4167 1275268111
6441 6435 1275276665
6442 6921 1278733873
6460 7591 1279351453
6466 6619 1275941855
6466 6787 1276600834
6466 7743 1279731125
6476 6483 1275443343
6484 6655 1276027684
6485 6750 1276382955
6485 7674 1279751301
6486 6923 1277177668
6486 6941 1277350281
6503 6514 1275524913
6503 6976 1277223645
6503 7307 1278958190
6503 7489 1279305388
6514 7461 1278722033
6514 7466 1278900581
6514 47274 1279066969
6515 6856 1278471486
6521 6103 1277881370
6522 6590 1275972643
6550 4608 1276924216
6549 6557 1275702981
2602 6307 1275874938
6576 6576 1275840907
6430 6772 1276444977
6430 7531 1279127504
6430 7756 1279599002
6307 6612 1275877592
6307 5506 1279236390
6619 6619 1276324502
6210 6634 1275939099
6627 6691 1276573916
6627 7047 1277384546
6679 6360 1279113939
3441 7589 1279092180
6726 7252 1278041968
6214 6214 1278566207
6714 6714 1276289164
6742 6742 1278386903
6766 7663 1279302210
6756 6769 1276379784
6756 6890 1276904771
6750 6778 1276433257
6750 6863 1276797800
5610 6926 1277686258
6787 7257 1278577281
6787 7754 1279625774
6800 7001 1277350974
6645 6645 1276562713
6637 6477 1277250191
6847 6847 1276732456
6871 7300 1278196313
6871 7671 1279313862
6903 6906 1276932963
6904 7053 1277882749
6904 7687 1279437952
6904 7247 1279555914
6886 5790 1279569074
6886 7755 1279590180
6926 7081 1277683255
6926 2791 1278963576
6649 6942 1277134544
6854 5790 1277140831
2883 7081 1277526580
2883 2592 1279888489
6966 6975 1277312010
6966 7056 1277411448
6992 7177 1277859425
6998 7033 1277421981
7005 5506 1279696648
7005 4164 1279715914
7012 7058 1277412835
6892 7036 1277353028
7048 685 1277385248
7048 7092 1277537962
7048 7507 1279113954
7053 7142 1277763417
7056 7534 1279055761
7071 7049 1277440034
7049 7200 1278005625
7081 7106 1277613177
7081 7158 1277790958
7081 7246 1278009876
7089 51 1279086557
7016 3981 1278607198
7101 7129 1277711133
4391 7112 1277630509
7094 7094 1277759019
7094 7171 1277827800
7094 7176 1277846055
6789 7139 1277792267
6670 7144 1277812948
7174 7110 1277835796
7205 7072 1277981992
7231 7229 1277982583
7248 7238 1278437776
7248 7765 1279637796
7239 7239 1278551063
7252 7702 1279415506
7193 7361 1278549122
7266 7218 1278070889
7218 7377 1278477146
7206 7369 1278444474
7269 5577 1278283768
7269 7311 1278898151
7269 7537 1279038040
7257 4392 1278448042
7262 7325 1279325446
7285 4046 1279542638
3428 7203 1278186202
7311 7647 1279236664
7311 7660 1279281578
7320 6922 1278335618
7320 7625 1279173968
7328 7150 1278363807
7168 6856 1278470690
4842 448 1278494448
7360 7360 1278444788
7386 730 1278720099
7402 7401 1278554904
7410 7393 1278567160
3981 7170 1278621913
3981 3981 1278695005
7422 7422 1278626688
7330 6715 1278865052
7458 7458 1279720509
7383 7383 1278646700
7258 7477 1278740972
7424 7424 1279222538
7461 7467 1278712872
35336 7582 1279086690
5506 3484 1279141520
5506 7647 1279235927
7486 7486 1278810460
7392 7691 1279367439
7492 7492 1278923875
7512 7510 1278983998
7520 3027 1278988283
7126 7527 1278982711
7531 7756 1279598527
51 6898 1279717218
51 7641 1279882995
7647 7683 1279340607
7641 6300 1279260996
7653 7653 1279304707
7644 7489 1279303955
7489 7489 1279343966
7695 7646 1279584718
7695 3512 1279387383
7727 7726 1279510858
7739 7742 1279559616
1816 7686 1279549310
7742 7595 1279586271
7759 7803 1279756212
7692 2592 1279897610
2592 7861 1279899958
7821 7817 1279798517
