2386 5709 1276096908
4000 76792 1266228070
3951 17773 1267088242
4055 4059 1266461434
4053 4408 1270866152
4070 3875 1266521699
4095 4594 1268525520
4108 4140 1266769953
3822 4643 1268869984
4135 4281 1278436638
4197 4020 1274583305
4200 6985 1278551219
4201 2664 1266993792
4222 4557 1268353057
4248 5466 1271724643
4268 4300 1267394466
4280 4279 1267299058
4287 4288 1267313801
4327 2109 1274650956
4348 15470 1270087651
4194 4558 1268356459
2245 4491 1268111691
4398 4481 1268095935
6753 4526 1276314491
2610 7728 1279821792
4477 6902 1276964730
4637 4650 1268678213
4648 7307 1278515280
4659 6330 1274911867
4673 2783 1278643696
4698 5484 1278298852
2171 4797 1269241142
4783 4904 1269543111
4799 3928 1269278085
4423 5644 1272339561
4853 4806 1269455997
4626 5165 1270559922
4893 4896 1269518912
4963 757 1269763207
4972 3926 1269876227
4990 5683 1275387214
5059 6400 1276183009
5044 5154 1270532129
5108 5121 1270374371
5100 2802 1270336734
5144 5090 1270521029
3886 7175 1277836554
5199 30395 1276728156
3755 5535 1271946594
5282 5357 1275239309
5313 5319 1271126814
5431 7283 1278123241
3698 2085 1271578763
5469 5286 1271728453
5473 6827 1272909044
5498 7515 1278949727
5499 5314 1271922064
5583 7302 1278209232
5646 5653 1272362579
5654 5637 1272367698
5659 6114 1273971701
5675 5674 1272427386
5526 6821 1276638479
5810 6702 1278768579
5801 7516 1278955266
5827 5825 1273017361
36285 6013 1273554546
5513 5926 1273242381
5960 5934 1273343293
5965 2568 1278868186
5993 5766 1273523675
5736 5548 1273557905
6043 7154 1277796277
3213 5988 1273935387
6149 5516 1274196736
6167 6166 1274243745
6209 6555 1275711589
6235 6223 1274491446
6248 152 1275077134
6266 6563 1275714938
6277 6517 1275617934
6290 4571 1274749805
6327 6326 1274895706
6343 6369 1275046618
6348 6571 1275922733
6366 6388 1275076275
6433 6475 1275424397
6438 4167 1275268111
6441 6435 1275276665
6466 7743 1279731125
6476 6483 1275443343
6484 6655 1276027684
6485 7674 1279751301
6521 6103 1277881370
6550 4608 1276924216
6549 6557 1275702981
6210 6634 1275939099
6679 6360 1279113939
3441 7589 1279092180
6766 7663 1279302210
6800 7001 1277350974
6637 6477 1277250191
6903 6906 1276932963
6854 5790 1277140831
6966 6975 1277312010
6992 7177 1277859425
6998 7033 1277421981
7005 4164 1279715914
6892 7036 1277353028
7053 7142 1277763417
7101 7129 1277711133
4391 7112 1277630509
6670 7144 1277812948
7174 7110 1277835796
7205 7072 1277981992
7231 7229 1277982583
7206 7369 1278444474
7257 4392 1278448042
7285 4046 1279542638
3428 7203 1278186202
4842 448 1278494448
7386 730 1278720099
7402 7401 1278554904
7410 7393 1278567160
7330 6715 1278865052
7258 7477 1278740972
7461 7467 1278712872
35336 7582 1279086690
7392 7691 1279367439
7512 7510 1278983998
7520 3027 1278988283
7126 7527 1278982711
7531 7756 1279598527
7647 7683 1279340607
7641 6300 1279260996
7727 7726 1279510858
1816 7686 1279549310
7759 7803 1279756212
7821 7817 1279798517
