1876 3565 1264579543
2370 2357 1260230245
2381 4767 1271011162
970 4246 1279502357
2458 2447 1260407796
2474 2509 1260579637
400 5312 1271889755
2231 2500 1260535946
2515 2541 1260694539
2570 5908 1274261999
2569 7573 1279167928
2628 2565 1278630511
2146 5092 1270225215
2702 4837 1269472518
478 2883 1277532261
4696 4317 1271731470
2805 3011 1275190084
2814 2816 1261882472
2868 6772 1276450534
2873 2877 1262104994
2878 2872 1262106781
2923 3475 1274256114
2865 2935 1262404227
2933 3867 1265568442
389 2974 1262647589
2991 3170 1266366729
3023 6818 1277275260
3045 6700 1278477867
3054 5705 1272636416
2989 5210 1270769236
3092 7832 1279825045
3161 5660 1272804339
1735 4580 1268445631
3205 3282 1270788158
3244 3287 1263619782
3285 3358 1263854583
3290 4130 1266741569
3301 3449 1264134382
1607 5217 1270862443
3293 4676 1271996475
3315 4067 1266494431
3346 3361 1263855393
3365 3366 1263870825
3376 5066 1271306045
3096 3675 1265424801
3396 3233 1264645668
3427 1961 1264087925
3458 3432 1264153669
3494 3762 1265249562
3513 3380 1267143945
435 5288 1271007246
3533 5398 1271645775
3613 3605 1264739509
3645 3671 1264988268
3377 3952 1265959522
3649 3843 1265509582
3651 4358 1267638347
3787 4357 1267617990
3803 6243 1276441394
3855 5279 1270977724
3857 5116 1270330081
3882 4389 1267778819
3897 4805 1269286497
3899 4436 1267949543
3919 4718 1269027887
3922 3967 1265991006
3931 4011 1266530233
3939 3940 1265886952
2386 5709 1276096908
4000 76792 1266228070
3951 17773 1267088242
4055 4059 1266461434
4053 4408 1270866152
4070 3875 1266521699
4095 4594 1268525520
4108 4140 1266769953
3822 4643 1268869984
4135 4281 1278436638
4197 4020 1274583305
4200 6985 1278551219
4201 2664 1266993792
4222 4557 1268353057
4248 5466 1271724643
4268 4300 1267394466
4280 4279 1267299058
4287 4288 1267313801
4327 2109 1274650956
4348 15470 1270087651
4194 4558 1268356459
2245 4491 1268111691
4398 4481 1268095935
6753 4526 1276314491
2610 7728 1279821792
4477 6902 1276964730
4637 4650 1268678213
4648 7307 1278515280
4659 6330 1274911867
4673 2783 1278643696
4698 5484 1278298852
2171 4797 1269241142
4783 4904 1269543111
4799 3928 1269278085
4423 5644 1272339561
4853 4806 1269455997
4626 5165 1270559922
4893 4896 1269518912
4963 757 1269763207
4972 3926 1269876227
4990 5683 1275387214
5059 6400 1276183009
5044 5154 1270532129
5108 5121 1270374371
5100 2802 1270336734
5144 5090 1270521029
3886 7175 1277836554
5199 30395 1276728156
3755 5535 1271946594
5282 5357 1275239309
5313 5319 1271126814
5431 7283 1278123241
3698 2085 1271578763
5469 5286 1271728453
5473 6827 1272909044
5498 7515 1278949727
5499 5314 1271922064
5583 7302 1278209232
5646 5653 1272362579
5654 5637 1272367698
5659 6114 1273971701
5675 5674 1272427386
5526 6821 1276638479
5810 6702 1278768579
5801 7516 1278955266
5827 5825 1273017361
36285 6013 1273554546
5513 5926 1273242381
5960 5934 1273343293
5965 2568 1278868186
5993 5766 1273523675
5736 5548 1273557905
6043 7154 1277796277
3213 5988 1273935387
6149 5516 1274196736
6167 6166 1274243745
6209 6555 1275711589
6235 6223 1274491446
6248 152 1275077134
6266 6563 1275714938
6277 6517 1275617934
6290 4571 1274749805
6327 6326 1274895706
6343 6369 1275046618
6348 6571 1275922733
6366 6388 1275076275
6433 6475 1275424397
6438 4167 1275268111
6441 6435 1275276665
6466 7743 1279731125
6476 6483 1275443343
6484 6655 1276027684
6485 7674 1279751301
6521 6103 1277881370
6550 4608 1276924216
6549 6557 1275702981
6210 6634 1275939099
6679 6360 1279113939
3441 7589 1279092180
6766 7663 1279302210
6800 7001 1277350974
6637 6477 1277250191
6903 6906 1276932963
6854 5790 1277140831
6966 6975 1277312010
6992 7177 1277859425
6998 7033 1277421981
7005 4164 1279715914
6892 7036 1277353028
7053 7142 1277763417
7101 7129 1277711133
4391 7112 1277630509
6670 7144 1277812948
7174 7110 1277835796
7205 7072 1277981992
7231 7229 1277982583
7206 7369 1278444474
7257 4392 1278448042
7285 4046 1279542638
3428 7203 1278186202
4842 448 1278494448
7386 730 1278720099
7402 7401 1278554904
7410 7393 1278567160
7330 6715 1278865052
7258 7477 1278740972
7461 7467 1278712872
35336 7582 1279086690
7392 7691 1279367439
7512 7510 1278983998
7520 3027 1278988283
7126 7527 1278982711
7531 7756 1279598527
7647 7683 1279340607
7641 6300 1279260996
7727 7726 1279510858
1816 7686 1279549310
7759 7803 1279756212
7821 7817 1279798517
