4 927 1256685242
4 412 1256686062
4 307 1256686469
4 1220 1256695725
4 4 1256854137
4 1060 1256856267
4 813 1256856764
4 1000 1258717389
4 1977 1259711328
4 2473 1260523279
4 2363 1260837116
4 1781 1261123782
4 2312 1277409024
4 4778 1277507852
14 16 1254263166
16 13 1254291078
16 19 1254476957
16 50 1254557459
16 16 1254954881
16 312 1255549219
16 204 1255558177
16 349 1255586921
16 200 1255906105
16 992 1256284513
16 1151 1256565400
16 837 1256567767
16 2623 1261320355
16 4371 1267694647
16 5405 1272792884
16 2901 1277409505
16 956 1277481709
16 7410 1279676972
28 378 1255614319
28 40 1265810518
7 40 1254525259
7 1018 1256708153
7 1886 1259255715
7 2368 1265136462
7 2467 1265169430
7 88 1266155437
7 5012 1269956894
7 4991 1270123469
7 5113 1270319048
7 3995 1271775189
7 5490 1271775562
7 4910 1271775997
7 5286 1271777392
32 60 1254680934
32 367 1255609575
32 392 1255640374
32 707 1256708780
32 1161 1256778183
32 332 1256991659
32 1048 1257299395
32 1589 1257592149
32 1724 1258140806
32 1114 1258706246
32 2008 1259157938
32 2162 1259520817
32 1985 1259531193
32 2623 1260025705
19 44 1254646376
19 1075 1256686770
40 42 1254705503
40 91 1254985559
40 370 1265805998
40 3049 1265806835
42 361 1255923472
42 299 1264747729
44 54 1254620745
56 2988 1262635522
71 1841 1258407263
71 3888 1266112263
71 71 1266285610
71 4048 1266441736
85 1004 1255155042
85 370 1255754884
85 493 1255795134
85 679 1255921936
91 1198 1255358390
100 986 1256261725
100 914 1256433412
100 100 1256526383
100 1040 1257806620
100 1649 1257851056
100 1823 1258351416
102 349 1256040482
102 1369 1257168542
102 1564 1259718132
102 2205 1259718237
102 2361 1260252446
102 1709 1260335021
102 960 1260551277
102 3063 1262952319
102 689 1267028201
102 4793 1269218246
102 4619 1269316604
102 3664 1271659173
102 3318 1272258217
102 5823 1273024273
102 7534 1279035952
88 81 1255102417
88 473 1258407724
88 791 1259568600
88 2046 1259909341
81 370 1255740027
1004 774 1256019100
1004 814 1256110379
1004 1216 1256699140
1004 1171 1257029358
1004 1864 1258526367
1004 3676 1265177140
1004 3960 1265967406
1004 745 1266568831
1004 4097 1267326813
1004 4594 1268536103
1004 5268 1270971849
1004 4345 1274860614
1004 5621 1275813532
97 2578 1268157653
132 1544 1257646320
132 439 1265845678
132 4960 1270601982
158 151 1255307401
158 200 1255309365
158 30 1255311902
158 550 1255828544
158 1592 1257804479
158 1019 1258865723
158 412 1260235198
158 896 1260235714
158 2689 1262416709
158 2123 1263363527
158 3183 1263395462
151 660 1256135451
151 2869 1262061230
204 164 1255309473
164 213 1255313425
30 467 1255869161
30 426 1255922478
30 894 1256288166
30 774 1256633070
30 2014 1258931934
211 774 1256266705
211 2594 1278010962
231 3206 1263345528
1198 1171 1257732992
1198 491 1257958187
1198 1857 1258482299
1198 1182 1260461090
1198 1256 1268905869
266 93 1255422954
142 284 1255437507
142 346 1255657282
142 423 1255725309
142 2955 1262543662
142 3161 1263493242
142 4925 1276600002
142 2149 1277287499
271 1310 1257864889
271 683 1259667477
271 2623 1262445376
271 3485 1264382250
271 4275 1267260281
273 784 1256048846
273 2205 1259720625
273 1020 1261183361
93 345 1255645883
93 621 1255864534
93 800 1257031766
93 936 1257948175
93 2089 1259483833
93 1619 1259484773
93 1173 1260851524
93 2714 1261362721
93 3872 1268027054
93 2562 1272579762
93 4745 1274995043
284 343 1255581076
284 318 1256135546
284 1075 1256420232
284 1037 1256441820
284 1202 1258243525
284 896 1259370686
284 492 1262839267
284 2811 1267283212
284 4991 1277964036
284 284 1270516875
284 6343 1274994541
284 6979 1277422214
284 7160 1277797102
284 7002 1278637564
299 3049 1264751457
299 1161 1265690719
299 4639 1276841136
299 3000 1276844755
299 5944 1276970328
1657 370 1255608270
1657 1528 1257891551
1657 1672 1258080875
1657 342 1258852412
1657 1698 1258855250
1657 1310 1259126353
1657 439 1260079044
1657 1878 1260356908
1657 3545 1264576489
1657 3701 1267195072
1657 1985 1267240659
256 405 1255662053
910 1057 1256614645
910 468 1256802028
910 405 1256780336
910 1646 1259403998
343 699 1255939549
343 951 1256198259
343 340 1257618357
343 423 1257625005
343 1708 1262486949
343 386 1264116486
343 2164 1264164281
343 3502 1264380624
343 4991 1269958059
343 4782 1269958401
343 5937 1273251530
343 5732 1275606596
343 4177 1276075420
347 336 1255584122
336 428 1256000268
336 571 1256004726
336 778 1256079174
336 2926 1256334317
336 1058 1256352422
336 1223 1257092161
349 603 1255848989
349 375 1255855922
349 468 1255856403
349 340 1255877618
349 643 1255883626
349 641 1255895316
349 261 1256033054
349 519 1256072721
349 1017 1256293843
349 707 1256542903
349 1246 1258339988
349 1985 1259229545
349 6846 1276725473
349 5830 1276751979
361 919 1256223502
361 1107 1259723923
361 4226 1267076025
361 5010 1270134504
361 4910 1271859158
361 2259 1273012190
337 699 1256509055
370 492 1255916994
370 1340 1257152810
370 930 1257194875
370 1481 1257393999
370 2653 1261198703
370 2623 1261679643
370 4782 1270018857
370 3238 1271491578
986 332 1255878359
986 76 1256086857
367 1253 1257301925
367 5292 1271641094
375 424 1257240093
375 1048 1258044815
375 1468 1258046094
371 1648 1267516217
345 813 1256095074
345 1193 1257886297
345 1857 1258479095
345 1546 1258753739
345 5513 1274624627
332 322 1255897175
332 519 1255901501
332 1084 1256357345
332 1655 1257859001
332 4934 1269644348
385 1228 1258337589
385 806 1259469646
385 2043 1259799951
385 630 1260665271
385 2510 1262822028
385 3602 1267593715
385 2097 1276381088
385 6826 1276651474
385 6637 1278352350
399 405 1255663755
398 468 1255741476
398 296 1255793118
398 398 1279146200
398 1392 1257211923
398 469 1277491018
398 3983 1277495233
398 4653 1278535421
346 767 1256095478
346 826 1256096273
346 445 1256127087
346 307 1256242523
346 1075 1256421403
346 1124 1256501099
346 1648 1258460368
346 4281 1267775287
346 509 1268968854
346 4183 1269119046
346 2597 1273779716
346 7664 1279326296
346 7325 1279326824
405 2480 1256009604
405 658 1256096430
405 2968 1262606467
405 4400 1268699296
2467 424 1260451216
2467 2497 1260538841
2467 2206 1260621993
2467 2389 1260758234
2467 2467 1261295708
2467 960 1264173910
2467 250 1264231479
2467 1902 1264598097
2467 492 1265518381
2467 3874 1267767562
2467 430 1266821872
2467 3473 1267763893
2467 3753 1268723968
2467 6590 1275965705
410 412 1255663545
412 683 1256736835
412 513 1256818510
412 1168 1256862103
412 1040 1257131651
412 1179 1257224583
412 930 1257566817
412 1020 1257995973
412 6266 1274659059
412 5431 1278122117
182 460 1256351843
182 1065 1256357637
182 709 1259119527
340 648 1255894491
340 1389 1257195997
340 2176 1259611630
340 3356 1265217492
340 3029 1268606485
340 3621 1273091759
424 490 1255823494
424 772 1256022577
424 823 1256121145
422 887 1256170508
422 1709 1258034407
422 2117 1259382574
422 2510 1261392801
422 3615 1264750089
250 482 1255766879
250 975 1256478390
250 35428 1256513750
250 1223 1257340772
250 2044 1259053079
250 3787 1265335881
250 3956 1265996965
250 4782 1269153529
250 4671 1269653805
250 396 1269662076
250 4649 1271634051
250 3380 1272467817
250 6577 1275801903
250 6694 1276150236
250 7386 1278888801
434 3472 1264273152
434 3597 1264694988
434 379 1264703895
434 493 1264733820
434 2576 1264822525
434 6753 1268199363
239 587 1255847122
239 1238 1262605825
239 1095 1265856253
239 469 1268018253
239 2604 1269167977
239 4786 1269172704
239 1894 1272753117
2926 3770 1272843959
2926 1048 1272845223
2926 4221 1272863677
2926 2734 1273743442
2926 6082 1273815465
2926 3664 1273969217
2926 4183 1275077047
2926 5801 1275708977
445 484 1256049746
445 107 1257517859
445 1389 1257518346
445 35357 1276544388
447 456 1255727718
447 373 1255734031
447 1158 1256982020
447 1710 1259174806
447 1631 1259333521
447 458 1259778163
447 2837 1265218667
447 4291 1269873677
447 4367 1272295150
447 6293 1274804354
447 6813 1276618616
447 4333 1278018478
447 7647 1279231242
436 1273 1276186219
423 648 1255894394
423 498 1256749705
373 5082 1272862219
373 6031 1273733894
373 5714 1274918208
373 7445 1279259512
322 296 1255808091
322 778 1256067807
468 667 1256011862
468 798 1256268112
468 1593 1257726169
468 1740 1258094679
468 699 1258329464
468 630 1258770196
468 2205 1259661658
468 807 1259879817
468 6066 1273920522
468 6085 1274354021
469 806 1256410399
469 262 1256598317
469 1340 1257097539
469 1591 1267332817
469 3065 1267530945
469 3384 1270567904
469 5261 1270886247
469 2284 1273259305
469 7031 1278386286
430 396 1255750659
430 792 1256623656
430 1902 1266470164
430 4061 1266489012
430 3528 1266721889
430 4092 1266809854
430 4160 1266909646
430 4197 1267857973
430 2653 1276028740
396 689 1255932172
396 709 1255951782
396 458 1256147363
396 1528 1257483796
396 4614 1269661538
396 1228 1272437448
396 2734 1273697427
396 5801 1274537242
396 2300 1274744777
396 6277 1278298985
396 6668 1278670359
473 1017 1257468367
473 1797 1260668531
473 3509 1265048185
473 4011 1266522113
473 2628 1269764085
473 1123 1269805947
473 6131 1274068927
438 975 1256457708
438 797 1256495633
490 2060 1267282156
296 296 1256138115
296 619 1256146342
296 744 1256146829
296 894 1256157281
296 1013 1256344978
296 1093 1256596075
296 379 1259209843
296 2042 1259213098
296 2089 1259289913
296 1985 1259385606
296 1708 1259578869
296 1884 1259618791
493 699 1255954963
493 988 1256282010
493 1021 1256339512
493 513 1256755080
493 1169 1257693531
493 1877 1263983340
493 960 1264177496
493 3657 1264909301
498 494 1255994403
498 699 1256507471
498 838 1256714096
498 1171 1256721448
498 288 1256727023
498 1469 1257376667
498 1462 1257377239
498 695 1257377916
498 1731 1258084455
498 1096 1258088626
498 2165 1259616177
498 2196 1259628439
492 428 1255839054
492 3405 1263994491
492 3509 1265516267
492 1835 1265523644
492 3874 1266920572
492 3753 1269652587
492 2555 1269847191
492 4304 1269854632
513 683 1256881806
519 397 1271111376
519 4149 1271360159
519 5464 1272045301
519 1985 1272140806
519 5641 1272370858
519 5197 1272458931
397 1114 1262820730
397 3485 1264485621
397 5337 1271550126
397 5281 1273979300
397 5259 1276054275
539 1327 1260880034
467 590 1255848878
467 1123 1258010289
556 550 1255828429
556 538 1255829889
556 1079 1264341537
556 3499 1264341878
556 3370 1264759918
556 3032 1264783584
556 3648 1264882837
556 5822 1273008833
550 333 1256272273
550 1163 1256596361
538 562 1255831472
538 2578 1264905282
540 1982 1259116176
570 2160 1261203780
570 5483 1271932698
572 179 1271505649
426 641 1255912023
426 699 1255942111
426 1672 1257901277
426 1401 1259671295
426 4741 1269040287
426 4759 1269084679
426 5184 1270648802
428 813 1258030252
428 10273 1258702615
428 2082 1259215381
428 5001 1269916175
428 5196 1270670509
607 1388 1257180304
607 4400 1269129301
607 2389 1269765092
607 5000 1270002165
607 1947 1270189874
607 5108 1270339284
607 1050 1277786241
307 439 1255988363
307 307 1277713418
307 6245 1274537772
307 1105 1274552954
307 6248 1274554158
307 3945 1274746368
307 2260 1278906955
619 668 1255928529
619 484 1256028156
619 180 1256160604
619 1207 1256674239
619 1340 1257048332
619 795 1257122083
619 1927 1258661774
619 1651 1259005648
619 1445 1260052951
621 702 1255944053
621 956 1258586218
617 1982 1259894716
617 2978 1262623653
617 4128 1266729907
617 3920 1266733696
630 1158 1256981564
630 1340 1257071269
630 881 1257477080
630 806 1257568264
630 674 1261319976
630 3669 1264978160
630 3882 1274246309
625 2383 1266479490
625 4118 1266711247
641 178 1256015823
641 846 1256106323
641 1015 1256282724
641 728 1256322875
641 1083 1256397320
669 668 1255911437
668 744 1256263322
673 699 1256084528
673 807 1256090296
673 823 1256105276
673 956 1276929579
98 1938 1261205501
98 3329 1263767877
2480 2363 1262029334
2480 1184 1267589741
2480 3725 1265936876
2480 2480 1268126432
2480 767 1267564292
683 1125 1256930475
683 1021 1257036320
683 2042 1259142830
683 930 1259682092
683 1828 1260138698
683 683 1267837693
683 1114 1260439260
683 1073 1263268443
683 3238 1264608617
689 4110 1267030765
689 4994 1273908850
689 1797 1273913924
689 5609 1273937311
689 5387 1273953011
699 800 1256065027
699 914 1256259912
699 1529 1257483819
699 947 1258338351
699 3065 1264645192
699 2047 1264654732
699 4400 1267919936
699 5690 1273428271
687 4910 1270160380
687 4747 1270177633
687 3874 1270192093
704 663 1255944902
663 1093 1256488411
709 1553 1257540524
709 1674 1258715375
709 1976 1258759407
709 1193 1258924378
709 460 1259120226
709 2040 1259187074
709 2326 1260071099
709 3067 1263012303
709 3556 1264538230
709 4076 1273092439
732 4671 1271569303
737 3041 1270072032
728 1027 1256366241
728 1888 1263509735
728 728 1263880206
728 3578 1270733443
728 6647 1278508901
439 2208 1259666790
439 2008 1260968927
439 460 1260966313
439 2900 1262221692
439 2380 1268992546
439 4054 1279222414
494 767 1256162991
494 968 1256225727
494 379 1256970799
494 1021 1257688891
494 914 1257750138
494 1040 1257807109
494 7234 1278042627
756 3647 1270538107
756 1649 1271308051
571 695 1257315968
571 1672 1258101141
767 807 1256158444
767 660 1256158083
767 924 1256176839
767 3350 1264089213
767 3690 1265051677
767 3056 1266093230
767 4243 1267130257
767 4400 1268031735
767 4568 1268418301
767 3621 1275619395
767 7154 1277873378
768 1193 1256641539
178 1733 1258096231
773 779 1256018652
774 1027 1256309998
774 146 1256685531
774 1557 1257551823
774 2968 1262612123
778 288 1256620348
778 1310 1270788589
778 1291 1271744598
781 4333 1271010917
781 5337 1272293952
484 484 1256423291
484 1167 1256601930
484 1713 1258247159
484 1446 1265387445
484 3737 1271395511
484 51 1279456665
342 1086 1256701316
342 644 1256809679
342 1631 1259809977
342 1189 1260397674
342 2805 1261828015
261 887 1256149020
261 877 1256192488
261 1591 1272528282
795 861 1256123388
795 795 1257179360
792 814 1256107991
792 848 1256111542
792 2912 1262705928
792 896 1267871252
792 4036 1267970367
316 1223 1257110376
316 1472 1257369525
316 3318 1266333306
316 4428 1268797617
316 2837 1268797728
316 1688 1268804620
316 4751 1269043995
109 1672 1259719832
109 3077 1258521187
109 1800 1258751830
109 2273 1279171796
799 2893 1257915509
799 703 1259589812
799 1446 1275635342
799 1654 1275665717
799 6547 1275667282
800 6216 1274466148
460 76 1256067197
460 2215 1259880913
460 2040 1259736512
460 1710 1260964451
460 3903 1265708203
460 460 1265764902
460 3701 1271832468
460 5292 1273644888
460 5775 1274907184
460 5337 1274927650
460 6517 1275594427
460 7332 1278448987
798 896 1256276274
798 889 1256279262
798 1698 1260402864
798 1708 1258796800
798 798 1277836341
798 4110 1266898447
798 4183 1266937770
798 4910 1270155737
798 2039 1272645924
798 6060 1273723833
798 5903 1274471980
798 6552 1275688373
798 6668 1276222508
798 4639 1276240198
798 23571 1276809363
807 987 1256248723
807 1257 1256780567
807 2245 1267756539
807 5180 1270606046
807 6494 1276765783
807 2368 1278445093
824 1591 1258422169
824 1927 1258665650
824 1840 1258763489
824 5112 1270639471
824 5229 1273249869
824 5907 1273275197
824 5068 1273275818
813 909 1256190048
813 818 1256346424
813 1079 1256858458
813 3108 1264492951
813 3238 1266542814
813 1256 1268893707
813 3318 1269591659
813 840 1270080781
813 5010 1270107818
813 5001 1270156408
813 5175 1271995721
813 5651 1272356375
813 7002 1279172919
658 1027 1256378639
658 3343 1263863963
658 4923 1269743224
658 5062 1270084551
658 5601 1272330753
658 5784 1275476755
658 7507 1279119070
658 7106 1279283287
660 379 1256690742
660 3246 1265110908
806 1253 1257599906
806 1592 1257699823
806 1651 1257920348
806 2011 1259175240
806 2043 1259786117
806 2891 1262906042
806 3063 1262988294
806 5963 1275385881
836 860 1256120056
823 823 1256152461
823 962 1256267136
814 876 1256136621
814 880 1256139291
814 908 1256185801
851 835 1256108542
848 1228 1262344033
848 1446 1267788634
175 863 1256122062
175 804 1257373617
175 2217 1259783596
175 1888 1275931103
175 3545 1279843106
175 6214 1279860623
873 878 1256137541
318 2196 1260133835
318 4011 1267764025
318 2823 1268168096
318 4344 1272826615
318 4910 1273726625
318 6125 1274066633
318 4782 1277308437
744 894 1256280812
458 1075 1256399349
458 3578 1271376418
887 3533 1264459676
930 1648 1257999525
930 1709 1258070700
930 1095 1259169478
930 1564 1259680767
930 2286 1260076562
930 2515 1260615107
930 1238 1262335433
930 4149 1267093095
930 2008 1268752960
930 3513 1274940998
930 379 1278528200
894 1013 1256314274
911 55 1258585323
911 4488 1268123961
914 818 1256321252
914 1095 1256435805
914 1228 1257451623
914 1800 1258699684
914 1445 1260039627
914 1878 1260238582
914 2318 1260323685
914 1841 1260380942
914 2300 1261093326
919 4544 1268345471
919 1528 1268455908
919 4659 1268717877
919 2191 1278783256
916 1648 1265675288
916 2623 1260892719
916 2147 1260585208
916 5292 1271640366
916 5309 1272524231
916 6099 1275430795
922 1075 1256460708
598 928 1256180285
928 931 1256180842
908 2003 1258994847
947 1121 1258201358
947 1651 1258764310
947 4177 1263804263
947 5448 1271659601
947 1256 1271682972
947 35357 1271692380
947 4863 1276298873
947 7343 1278370778
956 1161 1256774590
956 1557 1258052479
956 960 1260592414
956 3888 1265638872
956 2260 1265700755
956 2191 1265819657
956 6131 1277050621
961 1079 1256389056
961 2158 1271752285
961 961 1272285634
324 7607 1279136121
984 3552 1269099156
262 1060 1256742586
262 996 1257374972
262 1663 1257883868
262 1664 1257886071
262 2482 1260479139
262 3475 1264297569
987 1972 1258745317
987 1710 1259177064
987 2043 1264223570
987 3054 1262901885
987 3454 1264151880
987 3315 1266518881
988 1018 1256284573
985 1223 1257094333
996 1494 1257417175
996 5690 1274571575
997 35428 1256265065
997 1672 1257988319
997 1844 1261534619
997 3041 1263345435
997 3995 1268420185
975 1703 1259375267
975 4043 1266404393
35428 2196 1259631931
35428 2044 1259632674
35428 2162 1259664598
35428 2318 1260185021
333 5136 1273609103
896 1265 1257058128
896 2011 1258912792
896 1037 1259368160
896 2082 1259394306
896 2089 1259412116
896 4053 1266464246
1015 3554 1266785036
1015 2185 1268542516
1015 2562 1272589598
1015 7093 1277653113
825 2741 1261514955
825 1735 1263348534
992 1195 1257406887
992 4199 1267031172
992 6142 1274317797
1018 379 1256341056
1018 1095 1256435099
1018 2110 1259326966
1018 1832 1263210401
1018 1238 1263213655
1018 3143 1266127265
1018 3985 1266127710
1018 5743 1272637999
1018 2081 1277339486
1013 1071 1256368939
1017 2260 1262759497
1017 3557 1267692912
1017 4466 1268076277
1017 4177 1274516220
1021 1095 1256425621
1021 1161 1256771869
1021 1538 1257496276
1021 1648 1257827548
1021 1832 1262655691
1021 2215 1265593435
1021 4117 1266732966
1021 4291 1267361594
1021 2284 1271372827
1021 5433 1271578462
1021 5473 1271743813
1021 2666 1277083356
1021 949 1277466692
2008 1546 1258911884
2008 1114 1258912590
2008 1884 1259161232
2008 2008 1259161620
2008 1921 1259171878
2008 2665 1261905779
2008 2868 1262843182
2008 3485 1264325652
2008 1688 1268752230
865 1075 1256383550
865 1462 1257338322
865 1653 1257948850
865 2705 1261815785
1027 1046 1256340146
1028 1492 1257440179
1028 1663 1257895320
1028 1266 1262905847
1028 3361 1263856134
1028 3346 1263973650
1028 4400 1267964782
1028 4580 1268443725
1028 111 1278982633
818 2074 1259215696
818 478 1261545174
818 1012 1261545752
818 6679 1276060508
1034 1877 1271221768
1035 1799 1261203433
1040 1095 1274589789
1040 1048 1257141758
1040 1040 1277100414
1040 1878 1258809374
1040 1867 1274589529
1040 960 1260666406
1040 3109 1263278160
1040 3919 1268769308
1040 4770 1269130053
1040 5010 1270259047
1040 6545 1279616154
565 565 1257814572
1046 1594 1270504851
1046 2481 1275492674
1046 6982 1277236862
379 1202 1256677250
379 1299 1256902758
379 949 1256947011
379 2653 1276305662
379 6545 1277932083
1050 2171 1277261160
1050 2312 1277261487
1050 1266 1277261588
1050 5372 1277269344
1084 1797 1258266307
1084 1231 1267030339
1056 1056 1266457201
1056 2160 1267744477
1056 4118 1272896265
1056 6014 1273555646
1056 4606 1274632696
5771 5395 1272803232
1071 1060 1256369434
1060 1079 1256822616
1060 2785 1261697995
1060 1060 1263276070
1060 2655 1270762965
1075 1076 1256398170
1075 1086 1256401727
1075 659 1256412844
1075 1969 1258740088
1075 1266 1260567576
1075 7442 1278863752
1079 1200 1256781445
1079 1737 1258172854
1079 3028 1263289410
1079 1107 1265169366
1079 4205 1267016469
1079 2653 1267084875
1079 3380 1270047298
1079 7320 1278498892
797 1107 1256525454
797 1143 1256532572
797 1144 1256533546
797 1177 1256636266
797 1508 1261037881
797 2636 1261038494
797 3077 1261101895
797 6262 1275447746
797 7361 1278502672
1090 5753 1279077846
1095 1528 1258528680
1095 1878 1277850395
1095 1947 1258689272
1095 1698 1260985469
1095 2191 1266358942
1096 1061 1257526085
1096 1651 1258713334
1096 1189 1260592100
1096 634 1264507857
1096 3577 1264632913
1096 1467 1267210704
1096 5363 1271288010
1096 4500 1272307463
1096 5584 1272316513
1096 4626 1273186039
1094 288 1261129392
81883 3649 1265178780
81883 81883 1270127898
288 1643 1257909111
288 2327 1266463984
288 4304 1267936291
1093 1019 1258672399
1037 1330 1257017492
1037 1552 1257536933
1037 2044 1259085108
1109 4682 1270611862
745 2149 1275420225
745 5372 1275423367
745 3916 1276285988
745 6998 1277266100
745 7034 1277347523
745 5631 1277764033
745 1186 1279404596
1116 855 1256462906
855 1123 1256918587
855 1447 1257506095
1054 3819 1265414001
1121 1227 1257579646
1121 1711 1258040911
1121 2029 1258978694
1121 3509 1265301314
1121 2622 1265405352
1121 915 1270485819
1107 2653 1262048121
1107 3333 1263775342
1107 3143 1264204210
1107 14672 1265180502
1107 3860 1265582366
1107 3485 1265779416
1107 2363 1265960287
1107 1073 1265968235
1107 3949 1266008388
1107 4344 1267757637
1107 3753 1269671803
1107 3384 1270569850
1107 4078 1271211283
1124 1102 1256501649
1102 2391 1260302102
1102 6043 1275499953
1143 1521 1257562572
1143 1462 1257658397
1143 1648 1257827271
1143 4782 1276218276
1142 1460 1258671517
707 1221 1256695091
1148 2149 1262263602
1148 2510 1262263903
1148 2755 1262442926
1148 1835 1263812675
838 1340 1257405335
838 4199 1267026761
1158 1302 1258508986
1158 5112 1270805588
801 771 1256589886
801 1626 1258708717
1162 1162 1256595338
1165 1392 1257299549
1168 1340 1257054207
1168 1354 1257213089
1168 1406 1257616786
1168 1890 1258584532
1168 2082 1259476365
1168 2220 1259719280
1168 2274 1259879696
1168 3275 1263941047
1168 3425 1264111368
1168 3913 1265786412
1168 4626 1269467226
1168 3757 1273804132
1168 5217 1274830790
1168 7165 1278032545
1171 1000 1257026336
1171 1061 1257240296
1171 1195 1257406104
1171 1171 1270760193
1171 1184 1259036395
1171 2614 1260943483
1171 2750 1261531561
1171 2760 1261571575
1171 5789 1276820026
1179 1053 1256618815
1179 3509 1268283360
1179 4645 1269162657
111 2242 1277683190
111 7508 1278933986
111 7694 1279383367
1189 1189 1260358495
1189 1406 1260358130
1189 1876 1260358430
1189 107 1260392647
1189 2266 1260400307
1189 932 1260593095
1189 2625 1270337454
1189 4872 1271127728
1189 4453 1271139505
1189 3635 1271346808
1189 5405 1272836735
1177 1340 1257215202
1177 2533 1262444677
1193 858 1256944075
1193 1193 1258080400
1193 1020 1257991624
1202 1566 1258549303
1202 3124 1275623529
1202 7460 1278724708
927 1161 1256777301
927 1832 1264733652
927 3885 1265613866
927 3753 1269507556
20584 1178 1256970590
1178 1222 1257292969
1178 1061 1257565060
1220 1404 1257244232
1216 1258 1256783299
1182 5260 1270891072
1182 3676 1271842634
1227 1262 1256799985
1227 695 1257311566
1227 1664 1258018205
1227 1747 1258152768
1227 1888 1258583523
1227 1455 1258615162
1227 2013 1258925996
1227 4747 1269062949
1227 4934 1269638451
1227 4959 1273358217
1227 5613 1273436028
1227 5365 1274251450
1229 1061 1257171677
1229 1653 1257872334
1229 2888 1262671573
1229 1508 1276245588
1229 6085 1276247204
1229 6579 1278983427
1229 35357 1276525029
1229 5442 1277248246
1229 6992 1277253102
1229 1120 1277254101
1229 3199 1277255559
1229 4241 1277257978
1229 7105 1277616491
1229 6043 1278983059
965 1173 1260904918
965 3424 1264089936
965 2837 1265276107
965 4111 1270481151
965 5387 1273114157
965 5360 1273195454
965 6892 1277356335
965 6531 1278081428
965 4135 1278431260
965 7344 1278432018
1073 949 1256947272
1073 1340 1257047547
1073 3065 1262957331
1073 3280 1265066727
1073 1877 1263983965
1073 1538 1264462637
1073 3186 1264486232
1073 3238 1264633597
1073 1735 1265164806
1073 1238 1265337405
1073 2720 1266146169
1073 3958 1266320046
1073 4198 1267057724
1231 2389 1260771316
1231 3753 1268704006
1231 1291 1269477729
1231 4344 1273110310
1048 1261 1256909373
1048 1709 1258074112
1048 1985 1259459368
1048 1672 1259713791
1048 1626 1259798807
1048 2510 1260928848
1048 2653 1264495215
1048 3485 1264495368
644 509 1268306096
644 6262 1275016447
644 4002 1275345149
840 1902 1266461931
840 4718 1268962289
840 1161 1270077111
840 2857 1270098824
840 5070 1270104136
840 4991 1270130375
840 3394 1270356994
840 7320 1278356890
4402 4500 1268755329
1246 1589 1257600985
1246 2267 1259897005
1246 960 1260583836
1246 3529 1264449774
1246 3509 1264449849
1246 509 1264453107
1246 3545 1264495167
1246 3478 1264561881
1246 1246 1278437945
1246 4183 1279728946
1161 3557 1266005313
1161 2080 1266720892
1161 2043 1266722633
1161 1161 1266770091
1161 4089 1266793488
1161 4092 1266809445
1125 1841 1258404643
1125 2046 1259974864
1125 2481 1273513903
377 3824 1265388074
377 6262 1274741186
377 3634 1275980506
1261 2562 1258498088
1261 4642 1269467840
1261 4183 1271271892
1261 4639 1269497107
1261 35833 1270700112
1000 1646 1258121687
1000 1302 1258509420
1000 1864 1258516992
1000 1928 1258662595
1000 2113 1259365578
1000 2205 1259667637
1000 2335 1260099030
1000 2760 1261568816
1000 1607 1263681232
1000 3303 1263682166
1266 1501 1257512130
1266 1195 1257556361
1266 1674 1258325669
1266 2122 1259398742
1266 2124 1259401136
1266 2836 1261978736
1266 3346 1263806219
1266 3461 1264200947
1266 3475 1264392449
1266 1902 1264593544
1266 1492 1268341690
1266 4568 1268440927
1266 4677 1268817115
1266 5108 1270413992
1266 5360 1273218897
1266 3723 1274325534
1266 6389 1275181126
1266 6442 1275293499
1266 3537 1276284656
1268 686 1256809753
686 3329 1273813915
1265 1223 1256847380
934 1192 1256814307
934 3499 1264683772
934 3280 1265076590
934 1902 1265078829
934 874 1265365476
934 4405 1267855420
934 3632 1274640566
1223 3316 1267895544
1223 4927 1269870036
1223 5897 1273756501
1223 4821 1273801671
1223 5923 1274050644
1272 1272 1278711794
1274 1276 1256846388
1274 1354 1257443011
1123 1521 1259827424
1123 960 1260554486
1123 3067 1263067589
1123 7820 1279818376
1281 2320 1260132388
1305 4661 1268712125
1305 4996 1269901795
1305 5709 1273011204
1305 3568 1274412437
1305 5428 1274414067
949 1340 1257051096
949 1536 1258109794
949 3238 1270016751
1313 2074 1259192748
1313 3063 1262970635
1313 3285 1263619302
2258 2258 1257052608
2258 1811 1259988291
1322 1878 1261136760
1061 1442 1257383562
1061 1172 1257988192
1061 2082 1259247832
1061 1354 1260196918
1328 2191 1272423340
1330 1330 1257225172
1330 1592 1257746188
1340 3143 1269573353
1340 5387 1272149565
1340 1186 1272157395
1340 5720 1272579441
1340 6641 1275970967
1104 2903 1262233835
1104 2929 1262364162
1104 1568 1279283904
703 1977 1263560907
703 3124 1264995884
703 4409 1268184259
703 5232 1270771706
703 5433 1271668105
703 2612 1274556124
703 3318 1278570911
703 7803 1279767468
1310 1253 1257840939
1310 3238 1264901963
1310 2734 1265033580
1310 2720 1266171166
1310 4247 1267140836
1310 3859 1270652017
1310 5281 1273682143
1310 3650 1274382700
1310 4716 1274404745
1310 4333 1274847954
1310 6522 1275541227
1369 874 1257155931
1369 1623 1258523476
1369 2096 1259283058
1369 2112 1259331844
1369 3842 1265506046
874 5780 1272847875
1374 1389 1257228838
1389 3118 1264025458
1354 1393 1257213278
1354 1840 1258672322
1354 1763 1259386758
1354 1228 1261661722
1392 4055 1266463287
1392 4619 1268803557
1392 4027 1268949458
1392 5360 1273288799
1392 5034 1273330729
1400 2192 1270529021
1253 1729 1258083911
1253 2089 1259290130
1403 4420 1267908852
1401 1308 1257243454
1401 1184 1257276476
1120 1535 1260521586
1184 1012 1257277235
1184 3323 1263734732
1302 1407 1257278834
1302 1862 1258509082
1302 2282 1260579035
1302 2633 1261028145
1302 2968 1262674582
1302 3018 1262729083
1302 6781 1276662276
1407 1954 1258786599
1407 2082 1259221286
1407 2489 1260523390
1407 1607 1263703673
1407 2714 1264052469
1407 4312 1274661634
1407 3124 1275702583
1407 6590 1275973367
1222 107 1257280676
1222 1460 1257407964
107 1429 1257289315
107 1462 1257354990
1437 1455 1258260171
1437 2811 1261870533
1437 4400 1268042242
1437 3753 1268708915
1437 4619 1269312329
1442 1471 1257364975
1445 7223 1277984932
695 1982 1259102125
695 35357 1262672864
695 1594 1273997786
695 6296 1274765739
695 6644 1275984133
1447 1927 1258682210
1447 2082 1259399940
1462 785 1257336421
1462 1443 1257338888
1462 3124 1263172912
1462 2123 1263182184
1462 3308 1268282518
785 1799 1258434510
1468 1468 1257421732
1468 6742 1276311183
1471 1469 1257364628
1469 1469 1257374207
1469 1472 1257379632
1469 1477 1257382375
1469 1478 1257381340
1469 1509 1257443449
1469 1513 1257451293
1470 1470 1257407437
1470 1531 1257485105
1478 2192 1270515338
1478 5144 1270515879
1478 3995 1271440326
1478 6547 1275682176
1478 5756 1276388795
1481 4766 1269116165
1481 4639 1274341726
1483 2123 1279220692
1483 5506 1279304392
1483 2562 1279305624
1589 1708 1258339202
1406 1518 1257607305
1406 1745 1258365960
1492 2147 1272485120
1492 7252 1279812219
1496 3410 1264038259
1228 1927 1258730794
1228 817 1261150832
1228 2671 1261157778
1228 2673 1261160154
1228 1228 1261160488
1228 2817 1261887085
1228 2923 1262315679
1228 4267 1267192153
1228 4832 1269443751
1228 5678 1272430446
1228 5585 1272463825
1228 5751 1272777114
1508 932 1260033662
1508 3028 1263298129
1508 35357 1263310648
1508 2642 1264100871
1508 3444 1264119967
1508 4985 1269852204
1508 491 1270549720
1508 692 1273455217
1508 5690 1273458869
1508 2060 1273460765
1508 1840 1273461762
1508 5994 1273494529
1214 1519 1257468649
1214 4658 1268950774
1525 2205 1259724827
1526 1518 1257480815
1528 1878 1263977186
1528 2052 1264996094
1528 3759 1268368847
1536 1672 1257920147
1536 1761 1258151413
1536 3796 1265345464
1536 3035 1265347380
1536 3063 1269285269
1544 1583 1257636415
1552 1546 1257544568
1546 1446 1269257711
1172 1672 1258011437
1172 1898 1258597890
1172 2060 1259121587
1172 2730 1261822408
1172 2631 1269395924
1172 4658 1270887105
1172 3996 1271713340
1172 1797 1271714091
1172 5963 1273355584
1555 3888 1272044223
1557 936 1258098532
1557 1557 1258185771
1557 1855 1258470836
1557 2498 1260528640
1557 2764 1261615400
1557 2871 1262092756
1557 2906 1262879198
1557 3124 1263561832
1557 3414 1264063071
1557 2912 1265546273
1557 4401 1267830421
1557 3509 1270868015
1557 1703 1279862760
1521 2269 1259834713
1521 2305 1259934208
1521 2040 1259970086
1521 1859 1260055611
1521 4832 1275003722
1521 2857 1279257590
1521 6700 1279262085
1570 1577 1257594497
1579 1579 1257609295
1698 1841 1259482681
1698 1698 1259733705
1698 3023 1262760243
1698 5493 1271788509
1698 2625 1277611491
1583 2623 1264000552
1583 6085 1274376107
1593 2594 1257732287
1593 2260 1260360600
1593 2181 1260433820
1593 2733 1261448362
1593 3282 1263715398
1593 4180 1273296515
1593 1593 1273314919
1593 2968 1275112230
1593 6085 1275137243
1593 4312 1275211992
1593 23571 1275432639
1593 6515 1275537935
1593 6637 1276573734
1593 4658 1276662245
1593 5810 1278056877
1593 2865 1279781315
1593 7214 1279849981
1592 1169 1257730732
1169 1169 1257727410
1169 2043 1259077971
2594 3147 1263242746
2594 1114 1264207280
2594 4619 1269314376
1612 4580 1268441752
1612 1612 1273300346
1594 2348 1270804907
1594 2147 1272423590
1594 17988 1273206245
1594 36285 1273545890
1594 4428 1273548074
1594 4653 1275018040
1594 5952 1275053922
1594 6099 1275439681
1622 386 1261886133
1622 3396 1264093116
1622 3472 1264256403
1622 3705 1265081821
1622 3901 1265703077
1622 1708 1267332226
1622 3874 1270803427
1622 4361 1271080441
1622 3889 1272342481
1622 3787 1277877167
1623 1651 1258974963
1623 5627 1272682589
1629 1626 1257805480
1626 2305 1266870581
1631 1197 1257811369
1631 1740 1259574344
1631 1564 1259911625
1631 2360 1260200092
1631 3492 1264417172
1631 3611 1264740921
1631 3502 1265942511
1631 4333 1271118923
1631 5700 1273021698
1631 4639 1273726747
1197 1743 1258094259
1197 1740 1258145045
1197 3147 1263245747
1197 2160 1267745152
1197 3923 1270761999
1197 6658 1276639602
1197 6668 1276641996
1648 2260 1259816501
1648 4158 1265676139
1648 2805 1268267789
1648 4716 1273169847
1644 1672 1257910325
1643 3923 1267087193
1649 6288 1274737566
1649 2300 1274744852
1651 1745 1259059944
1651 3637 1268192937
1651 4118 1268218778
1651 4180 1268222339
1651 2901 1268255541
1651 4575 1268429832
1653 1364 1257949938
1653 2320 1260855377
1663 1662 1257877702
1663 6209 1275076043
1663 6349 1275050571
1663 6248 1275074912
1662 2186 1259592778
1662 2165 1259614771
1019 1990 1258796873
1672 936 1258094712
1672 1944 1258683233
1672 1672 1259722251
1646 2121 1259404511
1646 1924 1260796017
1646 4600 1268666228
1646 6043 1273973959
1646 7076 1277942614
1674 932 1258256044
936 1708 1258107941
936 2034 1259002541
932 2043 1259795797
932 2498 1260570116
932 3032 1262790805
932 2436 1264488874
932 2689 1264493222
932 3682 1265013115
1364 2120 1259378751
300 2912 1262485876
491 5147 1270530454
491 7076 1278203089
491 5034 1279092510
1627 1827 1258358123
1627 3996 1271714103
1627 5461 1271716217
1688 4545 1268337867
1688 3676 1268520633
1688 2837 1268526410
1688 3801 1268588568
1688 3919 1268762104
1688 4697 1268863714
1692 1714 1258050168
1704 1074 1259287525
1709 1713 1258048446
1709 2266 1259990186
1709 2630 1261244688
1709 5232 1270915614
1709 4745 1273596811
1713 1724 1258135693
1724 2043 1259659414
1724 5739 1272622683
1724 4753 1272651973
1729 4351 1272411662
1729 2260 1278103559
1729 7332 1278347085
1740 1982 1259895636
1708 1762 1258155801
1708 1686 1258660893
1708 2394 1260315757
1708 2510 1260884108
1708 3497 1266756612
1708 1591 1268644890
1708 1977 1269228172
1708 4437 1269723784
1708 1877 1270413723
1708 3261 1271670888
4177 3902 1265893493
4177 3473 1266915867
4177 4177 1270564070
4177 5232 1270797927
4177 4832 1273009329
4177 5801 1273019894
4177 6023 1274488446
4177 5442 1276280414
4177 2361 1276321813
4177 6131 1279549936
4177 4622 1279550556
1761 2322 1260046616
1761 2705 1262477360
1763 1844 1258414329
1763 507 1259451179
1763 7442 1278889691
1772 2611 1260932442
1772 2906 1262236121
23571 2196 1260696598
23571 2482 1260578129
23571 2510 1260919978
23571 2625 1261346487
23571 3108 1264032696
23571 2578 1268007170
23571 4676 1273222000
23571 6031 1274562850
23571 3375 1274517713
23571 6569 1275757034
23571 3634 1275968917
23571 4782 1277840720
23571 7305 1278221427
23571 5175 1278627965
1737 1737 1258866589
1737 2559 1271099939
1737 5712 1272997154
1779 1780 1258182499
1782 1983 1260499182
386 3438 1264116953
386 3108 1264457310
386 4327 1267510690
386 1799 1267517010
386 4481 1268095258
386 509 1268345836
386 3847 1268792862
386 3261 1268793612
1786 2907 1262251256
1291 2945 1264486318
1291 3897 1270053170
1291 5002 1270199374
1291 4928 1270579402
1291 5469 1271739909
1291 2149 1271742623
1291 35833 1271760668
1291 7399 1278550808
1291 4428 1279062503
1791 1797 1258252278
1791 3907 1266124261
1619 5583 1274755483
1619 6255 1274789981
1619 5484 1274835468
1455 1794 1258258514
1799 4344 1267584980
1799 1832 1268620327
1797 1877 1258540456
1797 1867 1258665531
1797 1645 1260157174
1797 2040 1260999319
1797 1887 1260311605
1797 2623 1260763510
1797 2557 1260778258
1797 2684 1261190827
1797 3628 1264818551
1797 3238 1264901892
1797 3950 1265930683
1797 6057 1273870649
1797 6576 1275799098
1797 2666 1276545121
1797 6903 1276927512
1810 1796 1258281226
1822 1703 1267853998
1822 4500 1270771087
1822 5536 1272569650
1823 1879 1258544296
1832 2630 1261374839
1832 2047 1263221631
1832 1878 1264637870
1832 4149 1266817908
1832 4419 1268007589
1832 4494 1268136408
1832 3545 1269989551
1832 4291 1269834288
1837 3291 1272235493
1840 5231 1271461330
1840 2386 1273014391
1840 5701 1275013101
1840 6358 1275073044
1840 6817 1276723974
1841 2191 1259656615
1841 3330 1271949106
1841 5537 1271952268
1846 1591 1258421471
1591 2823 1266522940
1855 1862 1258494560
1855 2160 1259750948
1855 5068 1270097238
1855 3142 1270200270
1855 5775 1272884454
960 1857 1258475261
960 2512 1260585509
960 3041 1264203454
960 5254 1274131522
960 3659 1279443014
960 7726 1279511106
1862 2160 1259723832
2562 3338 1263929165
2562 3199 1272593941
2562 4002 1276388090
2562 6794 1278245383
2562 7360 1279850816
1865 1864 1258504685
1867 35833 1266964358
3077 2176 1259584333
3077 2623 1260168239
3077 3063 1263013630
3077 5080 1270343578
3077 1947 1270344598
3077 5251 1271061931
3077 6555 1275707356
3077 6398 1276639705
3077 5506 1278922154
3077 4046 1279073984
1703 3261 1267585866
1703 5952 1274319647
1703 6334 1274916718
1703 5372 1277273593
1703 7437 1279674968
1878 2043 1259642025
1878 2623 1261595765
1878 2682 1261175909
1878 3078 1263048215
1878 1902 1264616983
1878 3649 1265065983
1878 2052 1265164435
1878 3513 1265780475
1878 3318 1266310271
1878 3380 1266962348
1878 4544 1268385114
1877 1884 1258549658
1877 5010 1270378638
1877 3521 1279152301
1877 7666 1279294321
1884 1977 1259717282
1884 2666 1261183705
1884 3844 1265512922
1886 2226 1259772717
1886 2510 1264014214
1888 2029 1258979648
1888 2644 1261079271
1888 3282 1263609132
1888 2912 1263947840
1888 2389 1269709851
1888 5405 1273297283
1888 5753 1273341153
1888 5965 1273362907
1888 3248 1273876350
1888 4423 1278818513
1888 5506 1278882911
1915 2912 1266994010
1915 2621 1268855128
1686 7139 1277826860
1927 6719 1277904378
1927 4002 1277906887
1928 1987 1258787038
1939 1937 1258675541
1939 2666 1269280115
1939 5337 1271437124
1899 2011 1276345865
1944 2196 1259627656
1947 979 1270090154
1947 4725 1270092981
1947 4977 1270097689
1947 5010 1270126727
1947 4971 1270346924
1947 461 1274179563
1947 7325 1278553507
1948 1949 1258693508
1114 2042 1259141155
1114 3396 1264059155
1114 3539 1264480833
1114 2665 1272433856
1114 3860 1265606816
1114 4117 1267042681
1114 3701 1267077769
1114 4048 1267599374
1114 5417 1271587660
1114 1114 1272172003
1114 4384 1273000739
1114 4428 1273424880
1114 5309 1275726016
1960 1960 1258734568
1969 2912 1262686235
1969 6344 1275338632
1970 1954 1258740827
1954 2311 1259982775
1954 2766 1270617524
1967 4304 1268026449
1979 3000 1268291958
1982 4108 1266987853
1982 4217 1267054468
1982 3937 1267155010
1982 4248 1267495757
1982 4872 1269900437
1982 2907 1272007029
1982 5945 1273273823
1982 5810 1278033070
1985 2078 1259279664
1985 1559 1260587215
1985 2260 1264470758
1985 4198 1266995638
1985 3238 1267932279
1985 1985 1272142730
1985 2868 1272148195
1985 4158 1273825788
1985 6031 1274429633
1977 2451 1260393698
1977 3377 1265049957
1988 4747 1269055682
1710 1953 1258880893
1710 2579 1260859521
1710 2275 1262203290
1710 4371 1267704935
1710 6359 1275034826
1710 4046 1279208511
1993 4024 1266321580
1993 4274 1267262972
1993 2823 1268029337
1993 5566 1272530068
1953 6646 1278179015
1953 5714 1278184067
1953 2039 1278185833
2004 3873 1265613815
2004 3554 1266539835
2004 4925 1269902308
2011 6358 1275078870
2011 5860 1276327522
2011 5484 1276327113
2011 7311 1278374326
2013 2074 1263318328
2013 5340 1271268174
2013 5611 1272260701
2013 6357 1275084236
2013 6494 1277531292
2014 2711 1261286564
1938 6935 1277114130
2029 4031 1266656396
2029 3092 1271934604
2029 6091 1276646795
2031 7325 1278538643
2035 2347 1260155916
2035 2376 1260256604
2039 4782 1270144009
2039 7621 1279167826
2042 2042 1259183852
2042 2097 1262197980
2042 1238 1262695753
2042 3139 1263199600
2042 3214 1263383891
2042 5251 1271200790
2046 2089 1259914143
2046 2421 1260364197
2045 2055 1259107640
2045 5732 1272606919
2045 6460 1275376216
946 2123 1263368365
2043 2287 1259892062
2043 2389 1260278651
2043 2510 1261397749
2043 2653 1264054403
2043 3475 1264241029
2043 3186 1264484793
2043 1866 1264771886
2043 3645 1264864953
2043 4340 1267609216
2043 4377 1267723914
2043 6043 1273743917
2055 2206 1270062991
2060 4959 1271776017
2060 2266 1270072003
2060 3676 1271806087
2060 461 1275222403
2060 3528 1278396724
2060 5903 1278607271
2060 5506 1278798964
2060 4971 1279192976
1921 3067 1262966489
1921 1676 1266679836
1921 3822 1268784652
1921 4333 1271299809
3214 5710 1276030397
3214 1568 1278430273
2040 2162 1259726984
2074 2621 1263320570
507 1983 1259208672
507 2170 1260079999
507 1876 1260085545
2082 2396 1260298208
2082 2317 1261819528
2089 2110 1259336895
2089 2493 1260535220
2089 4197 1268566360
2095 4384 1278303143
2095 6670 1278634637
2095 7440 1278637313
2096 4536 1268287942
2097 2619 1260976575
2097 2368 1263403338
2097 35357 1275537399
2097 5044 1270166418
2097 3402 1270776579
2097 6085 1275562363
2097 4312 1275188083
2099 2102 1259297042
2110 2238 1259743273
2110 2081 1277192040
2093 2128 1259400068
2093 2140 1259443660
2113 2987 1262765676
2113 3267 1263606602
2111 2121 1259390831
2120 21108 1260236533
2117 2657 1261105208
2123 2160 1259814651
2123 4397 1267813481
2123 5202 1270662125
2123 3355 1270669725
2122 6710 1278321211
2623 2381 1270664264
2623 1828 1260259608
2623 2382 1260262990
2623 2497 1261338689
2623 2805 1262204720
2623 1835 1263999254
2623 4158 1264032054
2129 2160 1259556443
2160 1902 1259526460
2160 1134 1259544956
2160 455 1259546054
2160 2130 1259546609
2160 2172 1259563137
2160 2289 1259901271
2160 2305 1259932066
2160 2659 1261110664
2160 2688 1261201676
2160 2803 1261757365
2160 614 1267706909
2160 6617 1275881214
2160 6618 1275885278
2162 4645 1268659259
1902 2833 1264593673
1902 1645 1264599484
1902 35357 1264617209
1902 2901 1264627070
1902 2788 1264650484
1902 3603 1264711264
1902 3639 1265409802
1902 4759 1269079379
1134 2446 1267138977
2143 3859 1266672102
2164 1474 1271054932
2165 5217 1274270403
2196 2318 1260095722
2196 1645 1260496123
2196 2482 1260499252
2196 2196 1260526051
2196 2498 1260536460
2196 3121 1265765345
2200 2191 1259631103
2191 2292 1260062205
2191 2286 1260063815
2191 2348 1260830034
2191 2625 1261113242
2191 5309 1271613054
2191 4333 1272933853
2191 5723 1273959234
2191 2644 1273976500
2191 3485 1279343549
2191 6131 1277954367
2191 2628 1278725897
2191 3049 1279311939
2215 3753 1265320787
2215 3186 1266042233
2229 2229 1259724603
2229 7732 1279520614
2226 2232 1259728483
2260 1930 1259891457
2260 2292 1259936107
2260 2146 1261527722
2260 2260 1261532627
2260 3049 1263592022
2260 4643 1268994851
2260 4183 1269015294
2260 5309 1272531272
2260 5690 1274904317
2260 4653 1278108316
2266 2312 1259986238
2266 2510 1261188241
2266 3357 1263861224
2266 4757 1269987518
2266 3737 1269999690
2266 4994 1270072693
2266 4367 1274024328
1930 2344 1262010362
2294 3863 1267957314
2294 4520 1268461940
2294 4400 1269029172
2294 7418 1278623420
2294 6716 1278902825
2294 6043 1278911728
2294 7590 1279168824
2294 7079 1279421516
2294 6658 1279528877
2294 7738 1279585481
2282 2586 1261137050
2305 3063 1266870125
2224 2482 1260483694
2311 5136 1270593312
2273 4676 1273226774
2273 2273 1273228579
2273 4639 1273728053
2273 4336 1277831089
2273 6307 1278092610
2318 2387 1260095357
2318 1173 1260247730
2318 2600 1260919313
1186 2391 1267912516
1186 3509 1267946659
1186 2380 1269557129
1186 5259 1279321236
1186 1568 1279326692
1186 51 1279344952
2286 3052 1262918309
2327 2536 1262947121
2327 4625 1268921397
2327 3261 1271816923
1876 3565 1264579543
1645 2473 1260520551
1645 2551 1260760412
1645 2666 1261149406
1645 3615 1264752761
1645 4180 1268606882
1645 3777 1268608320
2344 2627 1262219421
2344 2876 1271101138
2344 5267 1272052597
2348 2557 1260778375
2348 2626 1261007460
2348 2653 1262784066
2348 3580 1264646413
2348 3261 1264902811
2348 3629 1264942060
2348 2464 1272509348
2348 3521 1272585333
2360 5701 1274926228
2361 2915 1262269952
2361 3063 1262947177
2361 3402 1263985876
2361 3620 1265352221
2361 2436 1265648166
2361 4268 1267336192
2361 4252 1267350074
2361 2185 1268545205
2361 5147 1270966964
2361 6466 1277090995
2361 6942 1277136213
2370 2357 1260230245
2363 2363 1260263835
2363 2582 1260869661
2363 3149 1263743733
2363 3958 1266017410
2363 4023 1266314282
2363 4111 1266657789
2363 4420 1267902812
1173 3280 1272228446
2380 5259 1271399749
2381 4767 1271011162
1530 7012 1277329232
2389 2368 1260293639
2389 2389 1260710046
2389 2933 1263952110
2389 3355 1268254880
2389 4923 1269749041
2389 2510 1269758947
2389 4344 1272478437
2389 5690 1274141734
2389 6046 1274149114
2389 35357 1276917409
2389 6647 1276958767
2389 2720 1277474839
2391 6668 1277375117
2391 6545 1277538246
2391 5034 1277562680
2391 6787 1278141693
2391 4558 1278145845
2391 4384 1278301007
2391 4164 1278430994
2391 7419 1278583533
2391 6973 1278944802
2391 4910 1279515091
2368 2474 1260477052
2368 2750 1261586822
2368 3024 1262800820
2368 3190 1263323630
2368 3329 1263832875
2368 3787 1265308266
2368 3589 1265406447
2368 40544 1265912294
2368 4097 1266606260
2368 4568 1268418213
2368 5231 1270763334
2368 6462 1275403522
2368 3920 1276704989
2368 7086 1277829779
2368 6886 1279570402
2394 2394 1260312522
2383 2486 1260491245
2383 400 1260506401
2383 2596 1260905154
2383 2819 1266876410
2383 3589 1266884650
2383 2616 1267927949
2383 4488 1268113866
2383 3380 1269987915
2383 4291 1270023037
970 4246 1279502357
509 3874 1268297172
509 4717 1268945022
2421 3449 1264135982
2436 3183 1265109198
2436 5849 1274668218
2436 6647 1276455161
2436 3859 1277862026
2436 3609 1278920900
2436 6466 1279858715
2458 2447 1260407796
2454 6986 1277304493
2206 3139 1272712353
2473 2533 1261702068
2474 2509 1260579637
2482 5627 1276895429
2490 2669 1275948290
2490 6776 1278127418
2490 6545 1279620798
400 5312 1271889755
2231 2500 1260535946
2231 2968 1262689050
2498 2498 1277443509
2498 5849 1277757365
2498 3770 1278007498
2147 2308 1260589213
2147 5274 1271474467
2147 5809 1272976087
2147 6104 1273944785
2147 3156 1273945838
2147 3238 1274127787
2147 4054 1275259784
2147 6131 1277072258
2515 2541 1260694539
1327 2811 1261868453
2559 2355 1260794485
2559 2559 1277937672
2559 7025 1277333478
2559 7043 1277903468
2559 3723 1277903540
2559 7048 1278217990
2566 2566 1260908691
2566 2597 1260911131
2575 7092 1278990922
2575 7554 1279189440
2575 7600 1279127303
2575 7079 1279424140
2570 5908 1274261999
2570 4959 1274262589
2570 6494 1276766439
2586 2586 1260976024
2510 2735 1261457063
2510 2818 1261892466
2510 3062 1262940396
2510 3477 1264247025
2510 3756 1265240190
2510 4011 1266294430
2510 4417 1267951828
2510 4111 1272994010
2510 5034 1274797347
2597 2597 1266885601
2597 2149 1268533794
2569 7573 1279167928
2600 2611 1260934515
2599 2733 1262405756
2612 2868 1262681939
2612 2612 1265173333
2612 2648 1265858418
2612 4500 1269549941
2612 6357 1275977695
2614 2638 1261050580
2614 4093 1266585108
2614 2883 1278300640
2614 7002 1278359108
2614 6787 1278375450
2616 3502 1265234467
2616 4133 1267924213
2622 2644 1261081402
2622 3589 1265060632
2622 1377 1266464837
2622 5217 1279511609
2625 3041 1268943165
2625 3701 1268943301
2625 35833 1269387419
2628 3156 1268969593
2628 2481 1270205064
2628 2565 1278630511
2627 3610 1264904616
2627 3777 1265369742
2627 3589 1266580895
2627 4854 1276667677
2300 4286 1267309281
2300 6100 1273910473
2300 5801 1275772806
2300 3521 1278979455
2547 2547 1276341306
2633 2639 1261060342
2633 2785 1261750197
674 3736 1265202762
2644 2644 1270769284
2644 3578 1271357212
2644 2631 1273530901
2644 3202 1273715260
2644 1256 1275693621
2649 2655 1261101163
2649 6086 1273847724
2649 5690 1273885256
2653 2912 1262493327
2653 3108 1263678228
2653 3500 1264344264
2653 3065 1267587357
2653 5148 1270544198
2653 7313 1278450347
2653 6856 1279398799
2536 3049 1262926939
2666 2665 1261150801
2666 2615 1269212504
2666 4716 1269289133
2666 4893 1269571653
2666 3238 1269603469
2666 4928 1270434852
2666 5372 1277281729
2665 3485 1279346018
2665 3168 1264312113
2665 3619 1264766041
2665 3757 1265242731
2665 3554 1266717044
2665 3238 1269741009
2665 5092 1270194978
2665 2665 1270763610
817 6357 1279328004
2689 6085 1274658289
2689 5802 1278702542
2146 3049 1263600470
2146 2837 1265248809
2146 4991 1269873719
2146 5092 1270225215
2146 4183 1271638072
2705 2707 1261265567
2705 2756 1261557201
2705 2705 1261673503
2705 2826 1262112436
2705 4031 1266877898
1568 5753 1273876343
1568 6953 1277170933
1568 6451 1278449830
1568 7499 1278870075
1568 6766 1279757944
2714 3065 1264290451
2702 4837 1269472518
2731 2293 1266466105
2731 4061 1266474910
2731 5217 1270728733
2731 5412 1272667467
2730 2738 1261482310
2733 2884 1262154277
2735 3035 1266978313
2735 3071 1267162908
2735 2735 1267227029
478 2641 1274160774
478 2883 1277532261
2734 3195 1263356182
2734 3031 1265924754
2734 4183 1267500225
2734 4517 1269386828
2734 6262 1275162863
2750 2750 1261531008
2533 3017 1262704724
2760 4660 1276829993
2737 3536 1267159529
4696 4317 1271731470
4696 5575 1277165740
2785 4400 1274845246
2699 3901 1271678272
2795 2910 1262281923
2795 3370 1263908747
2275 2669 1261767645
2275 2631 1269398305
2275 4965 1269793639
2275 3156 1274135358
2275 4863 1274306290
2669 5631 1272320820
2669 4304 1278754898
2797 2797 1262563042
2797 3063 1262981924
2797 3280 1265077198
2797 7710 1279417187
2805 4158 1274407187
2805 3011 1275190084
2811 2813 1261870433
2811 3585 1264652918
2811 3592 1264659506
2811 4262 1267252313
2814 2816 1261882472
2814 2047 1261984699
2814 2907 1262437183
2818 4572 1268840226
2149 2839 1262034080
2149 2903 1262226231
2149 2918 1262298875
2149 2837 1262422853
2149 1748 1262424187
2149 3475 1264243440
2149 3472 1264247176
2149 3124 1264987184
2149 5660 1272785015
2149 5789 1272941769
2149 6549 1275689606
2149 6818 1276658992
2149 6903 1276927872
2149 7438 1278634130
2720 1866 1262121885
2720 3041 1265935538
2720 3779 1265941375
2720 3990 1266165112
2720 6903 1276943208
2720 4747 1277483421
2720 5442 1277490770
2819 3952 1265937145
2819 5399 1272607633
2819 5010 1272796070
2819 5323 1275991919
3578 2293 1264579245
3578 5789 1273698771
2833 2693 1261968141
2833 3826 1265454023
2833 4076 1267670668
2833 6466 1275861073
2693 3453 1264143254
2693 6997 1277263625
2047 3753 1269488562
2047 5002 1274062934
2047 6486 1275518338
2857 7607 1279137792
2868 6772 1276450534
2823 2823 1267228886
2823 4437 1267954412
2823 3874 1268092121
2823 4400 1268116381
2823 4524 1268256110
2823 4645 1268648390
2823 4671 1268764712
2823 4619 1268975075
2823 4928 1270593305
2823 3350 1270955671
2823 2837 1271051467
2823 5259 1271221319
2823 4423 1272339385
2823 5753 1276920673
2873 2877 1262104994
2878 2872 1262106781
2878 2912 1262532276
2878 7079 1279123983
2872 3568 1265767283
1866 3620 1264770369
1866 4757 1269134334
2888 2912 1270165489
2891 2933 1262404831
2891 2891 1262728296
2906 2944 1262443342
2906 3375 1264479185
2906 3509 1277275871
2906 6131 1277284579
2906 7068 1277646952
2906 4481 1277469063
2906 6091 1278642489
2903 4400 1267834482
2907 2929 1262339375
2907 5557 1272049487
2917 3384 1272871111
2910 4145 1266798675
2923 3475 1274256114
2923 3676 1275886911
1238 3017 1262671548
1238 2284 1263252284
1238 3000 1263258923
1238 3384 1264816650
1238 4653 1269487469
1238 3931 1269501100
2929 5387 1273088241
2912 2930 1262343878
2912 269 1263347355
2912 3370 1263885295
2912 3887 1265626329
2912 3900 1265693424
2912 3913 1265764296
2912 4344 1271269915
2865 2935 1262404227
2933 3867 1265568442
2837 3909 1270063209
2837 3509 1270590400
2837 5174 1270592330
2837 4572 1270664267
2837 3888 1272044826
2837 6876 1276821528
2837 5498 1278527700
2944 3651 1265170440
2944 4048 1267749764
2944 6066 1273813900
2944 6031 1274576514
2944 4312 1275375181
2944 3028 1276821644
2944 3635 1278208390
389 2974 1262647589
389 3485 1264570896
2876 5015 1271039094
2968 4669 1269046892
2968 4423 1269398546
2968 4832 1269469655
2968 4923 1270114720
2968 5165 1270559490
2968 6127 1274180991
2968 6407 1275112610
2968 4606 1276506363
2968 2310 1277689688
2968 7254 1278040371
2991 3170 1266366729
4158 4079 1266546391
4158 4274 1267360118
4158 4408 1267854060
4158 5082 1270169855
4158 5417 1274169232
4158 18 1274428108
4158 4048 1275179779
35357 4097 1266606442
35357 6400 1277068097
35357 3537 1277126362
35357 7053 1277753778
35357 6979 1277999843
35357 6531 1278078375
35357 7367 1278433387
35357 7392 1278989080
35357 7269 1278990414
3011 6355 1275088285
3011 5690 1275104913
3023 3041 1264558808
3023 6818 1277275260
2987 3035 1262799536
2604 3157 1263253108
2604 4934 1269637075
2604 3199 1269997723
2604 5135 1270454245
3028 3024 1262780249
3028 3035 1266467886
3028 4061 1266475848
3028 4461 1268009902
3028 6700 1276818095
3028 7079 1278969802
3032 4672 1268772392
3032 4974 1269871620
3032 4367 1272288377
3032 5585 1273166268
3035 3045 1262846827
3035 1776 1263544944
3035 3341 1263803003
3035 4045 1266413076
3035 4102 1266630123
3045 2621 1262972642
3045 6700 1278477867
3046 3108 1264862897
3049 3156 1263250663
3049 4333 1267937804
3049 2578 1268001898
3054 5705 1272636416
3063 3094 1263075463
3063 3579 1264906267
3063 3206 1266862145
3063 4086 1269212809
3063 4400 1269269998
3065 3326 1264285683
3065 3931 1265870440
3065 3959 1267597395
3065 6590 1275985406
3065 6658 1277735937
3065 6716 1278923622
2621 2285 1262974357
2621 3200 1263387225
2621 3244 1263490115
2621 3268 1263597935
2621 3303 1263680557
2621 3421 1264069627
2621 2446 1267042322
2621 4642 1279888183
2989 5210 1270769236
2902 6776 1279719088
3092 7832 1279825045
3108 6348 1274982399
3108 6571 1275782140
3121 3568 1265766246
3121 3736 1267761565
3121 7092 1277949612
3121 5883 1278922340
3121 6794 1279197343
3121 3376 1279307573
3121 7595 1279588732
3124 3202 1264359064
3124 3675 1264998767
3124 4419 1268011209
3124 4755 1269071148
3124 4762 1269102860
3124 4023 1269144493
3124 4778 1270921539
3124 5282 1271003999
3124 5795 1275621191
3124 6545 1275692663
3124 3723 1275696737
3124 4002 1276359805
3139 4105 1266698255
3139 3142 1270181292
3143 3400 1269481792
3143 4361 1269717782
3143 3537 1273955755
3143 7625 1279174137
3147 39723 1264004550
3142 3473 1270012004
3142 5005 1270158347
3161 5660 1272804339
3156 3502 1264442134
3156 3545 1264635457
3156 35833 1268105080
3156 5714 1273901711
2284 3280 1265066652
2284 4198 1267124090
2284 2481 1269880810
2284 3384 1270584046
2284 4872 1271434403
2284 5730 1274897550
2284 2081 1277219787
3195 7361 1278421109
3195 7168 1278423169
3199 1735 1265166184
3199 3919 1268778498
3199 5023 1269990541
3199 4872 1269992160
3199 5667 1272411466
3199 3199 1278032575
3041 3338 1263785052
3041 3421 1264059368
3041 3517 1264466057
3041 3826 1265444961
3041 3958 1266017563
3041 4346 1267587896
3041 3736 1268984739
3041 4928 1270092828
3041 5801 1273365858
3041 3634 1277437370
3041 5309 1277610587
3206 3282 1263611636
3206 3281 1263613760
3206 3290 1263625319
3206 3149 1263654985
3206 4189 1266988540
3206 3737 1268922142
3206 4837 1269480941
3200 2642 1263346437
2642 2899 1264013030
2642 3003 1264095015
2642 3160 1266439467
2642 4267 1267203532
2642 5136 1275602800
2642 5656 1276624967
2642 2310 1277837481
2642 5091 1277837901
2642 2642 1278430031
1735 4580 1268445631
3205 3282 1270788158
3210 3208 1263366273
3210 4111 1273026474
3202 2641 1273714669
3183 3859 1265542133
3183 3183 1265865770
3238 3485 1264318105
3238 3615 1264747454
3238 3384 1265253575
3238 1446 1265354179
3238 3931 1266119255
3238 3874 1266576333
3238 4759 1269082241
3238 5714 1274124872
3149 3253 1263509021
3149 3345 1263896717
3149 3246 1263956700
3244 3287 1263619782
3246 4490 1270001554
3275 2293 1263575620
3275 4338 1273987857
3282 3029 1270810023
3280 3280 1263608362
3280 3286 1263618524
3280 3514 1265097403
3280 5387 1272151124
3280 4910 1272216799
2192 3955 1268606456
2192 35833 1270613482
2192 5709 1278536336
3285 3358 1263854583
3290 4130 1266741569
3118 3554 1266742699
3118 6361 1275101678
3118 6400 1276192355
3301 3449 1264134382
1607 5217 1270862443
1607 4661 1271275609
3293 4676 1271996475
3293 6773 1276418300
3315 3554 1264549197
3315 4067 1266494431
3314 3598 1264689260
3314 4707 1268904565
3314 4428 1276922830
3329 6015 1274536566
3329 6035 1274834020
3329 3537 1274849302
3329 6366 1275047806
3329 6590 1276006194
3329 5756 1276425850
3329 2883 1277171787
3329 6966 1277189456
3329 5309 1278246660
3329 7538 1279318678
3333 3333 1263774819
3338 3338 1271696205
917 917 1263789051
3341 1256 1263796317
1256 4793 1269657579
1256 4991 1269871092
1256 5136 1270481696
1256 5566 1272327341
1256 5627 1272664564
1256 5360 1275625153
3346 3361 1263855393
3346 6349 1274991022
1835 3919 1268775724
1835 5628 1275649027
3358 3407 1264097782
3365 3366 1263870825
3365 6647 1277588714
3402 3248 1263880585
3402 3400 1264002432
3402 5179 1270618766
3402 4379 1270625062
3402 3859 1270626168
3402 5227 1270765809
3402 4361 1271052614
3402 5251 1271059719
3402 5296 1271064478
3402 5229 1271116491
3402 5313 1271121739
3402 5344 1271403069
3402 7458 1278637514
3402 7502 1278896704
3402 3402 1278950512
3402 7526 1278976248
3402 7005 1279723857
3248 3248 1266070546
3248 5563 1272001035
3248 5378 1273934385
3248 4338 1278069656
3248 7359 1278408726
3248 7463 1278704703
3248 7647 1279229707
3350 5305 1271099598
3350 50854 1278288846
3370 3421 1264077585
3370 3898 1265699979
3372 3509 1264387519
2631 2631 1263948183
2631 1275 1265839717
2631 5010 1272462409
2631 5304 1273518262
3375 5712 1272880091
3375 5751 1272888213
3375 6647 1276911127
3376 5066 1271306045
3376 5034 1279085864
3096 3675 1265424801
3096 3859 1277865356
3396 3233 1264645668
3400 3635 1269551173
39723 3029 1273449139
39723 3603 1274108143
39723 5442 1274122340
3410 5849 1273094197
3410 5575 1274163566
3410 5965 1274311242
3427 1961 1264087925
3407 3407 1264122704
3458 3432 1264153669
3448 5575 1273008290
3448 3609 1278900709
3384 3757 1265244384
3384 5274 1271448419
3467 3467 1264314207
3473 4281 1269828470
3473 4783 1269837841
3473 4915 1269839010
3473 4500 1269893259
3160 6781 1276478555
3160 3160 1277139945
3485 3168 1264316543
3485 4089 1266644420
3485 3233 1266883938
3485 4235 1268200171
3485 5730 1267308258
3485 4266 1267333824
3485 3637 1268200499
3485 5944 1276661205
3485 3779 1279318788
3485 5309 1279345353
3485 5101 1279516688
3485 6254 1279688075
3489 3489 1264312369
3168 4333 1271089088
3492 3493 1264316418
3492 3508 1264370611
3493 3491 1264318199
3494 3762 1265249562
3502 3554 1264540073
3502 3987 1266160195
3510 3509 1264379029
3509 3901 1265699737
3509 3909 1265774586
3509 3676 1268274659
3509 2610 1268333867
3509 4622 1268594974
3513 3380 1267143945
3513 3545 1274401380
435 5288 1271007246
435 4832 1271120672
3528 2386 1266165650
3528 4056 1266460886
3528 4086 1266551803
3528 6673 1276051940
3528 1150 1276057530
3528 6714 1276283160
3528 6131 1276949342
3528 7086 1277632339
3528 7144 1277814916
3532 602 1266798742
3532 3859 1277877685
3533 5398 1271645775
3186 4245 1273847519
3545 3649 1265056509
3545 4198 1268291858
3545 4247 1267141178
3545 4043 1267596676
3545 4149 1278127795
3545 5267 1276504144
3545 6030 1273701133
3545 6658 1276901163
3545 4653 1279846062
634 4005 1270538537
634 3886 1270542499
634 4806 1270655467
634 5258 1270882816
3547 5112 1272752150
3551 2739 1264510525
3551 3568 1264581720
2739 4641 1268815066
3478 3557 1264546676
3556 5473 1272564459
3556 3849 1276033459
3556 7773 1279658236
3554 3627 1264813585
3554 3554 1267410498
3554 4085 1266743633
3554 7200 1277934244
3554 6307 1278031376
3554 7348 1278489681
3557 4183 1267655799
3557 4194 1267678951
3557 4800 1269281523
3557 4803 1269283976
3557 5323 1271165806
3568 3382 1265303609
3568 6191 1274319867
3568 4377 1274530339
3574 3574 1264618044
3233 4572 1268863825
3233 4428 1274654959
3582 3587 1264653194
3582 3588 1264653716
3585 3590 1264659904
3589 3589 1264656472
3589 5372 1277946812
3589 2610 1278625716
3589 35336 1278741710
3590 1139 1265714987
3603 6131 1274722342
3613 3605 1264739509
3615 7361 1278503022
3709 3709 1265034929
3709 3897 1268161580
3609 2883 1278906184
3609 5304 1278907697
3609 7170 1279339682
3621 2245 1268365678
3621 5473 1272677544
3621 5712 1272699384
3621 5709 1273098082
3621 4658 1273099739
3621 5378 1275628801
3602 3757 1265242668
3602 4180 1267576602
3602 4048 1267583609
1139 3920 1266989506
1139 4619 1269380583
3610 3610 1264812219
3634 4500 1276025477
3634 4639 1277440868
3634 6872 1276821202
3634 4558 1277466276
3634 3901 1278243633
3634 5175 1278621557
3634 4971 1278884357
3634 6668 1279247689
2576 3639 1264827866
3639 3685 1265016560
3639 3944 1265947842
3639 4005 1266957246
3645 3671 1264988268
1446 3804 1265381069
1446 1446 1266188271
1446 4279 1267299563
1446 4133 1267786874
1446 5023 1270178116
3650 5952 1274369470
2052 3901 1265734222
3824 3824 1265046248
3377 3952 1265959522
3649 3843 1265509582
3649 4653 1269311942
3701 35833 1267154056
3701 3909 1267739852
3701 4520 1268116745
3701 3701 1268117071
3701 4985 1269871444
3701 4621 1270925291
3701 4863 1271720358
3701 2464 1271990863
3701 5555 1272002828
3701 1858 1275583554
3701 5628 1275626237
3701 6131 1275912065
3708 3725 1265265256
1831 5136 1270588712
3692 5732 1273279509
3725 4635 1268614568
3700 3700 1265164203
3651 4358 1267638347
3676 3676 1268599990
3676 5442 1271790745
3676 4832 1276315172
14672 5337 1271338487
14672 4333 1271946677
3641 3640 1265203533
3641 4037 1274776664
3641 7031 1277829705
3641 35833 1277836949
3736 3737 1266165521
3736 4061 1266584704
3736 7092 1279087694
3736 6992 1279123023
3356 4205 1267316459
3356 4400 1268669689
3356 3029 1268685635
3356 4664 1268720679
3757 5212 1270696833
3757 5267 1270922971
3757 4672 1272043698
3757 5952 1273781404
3237 3785 1265308749
3237 7738 1279583763
3237 5627 1279619860
3237 602 1279846144
3775 4074 1266539434
3775 4446 1271472371
3787 4357 1267617990
3753 4351 1268707325
3753 4304 1269497061
3753 4828 1269575736
3753 3901 1269607668
3753 4975 1270422821
3753 3308 1273248926
3753 5340 1273627117
3753 6209 1274489835
3753 4555 1278431493
3777 3792 1265332012
3777 3860 1265850466
3777 4513 1268200613
3803 4312 1274952970
3803 6243 1276441394
3804 6787 1277201774
1378 3851 1265523076
1378 5851 1273052312
1378 4910 1273072900
3837 7653 1279312237
3855 5279 1270977724
3857 5116 1270330081
3859 5984 1273453342
3859 5903 1273802507
3859 6647 1277900102
3874 3816 1266395834
3874 4024 1266397032
3874 3887 1266828577
3874 3909 1267086254
3874 4731 1268979682
3874 4782 1269160497
3874 5323 1271188898
3874 6031 1273974062
3873 3827 1265625946
1537 3923 1265814470
3882 3958 1266506512
3882 4389 1267778819
3882 4923 1269662905
3882 5337 1271244661
35833 3318 1266895710
35833 4155 1267142563
35833 3888 1267674634
35833 4837 1269486398
35833 5082 1270612639
35833 5227 1270755711
3887 4092 1266820570
3887 4153 1266835816
3888 4235 1268527802
3897 4805 1269286497
3899 4436 1267949543
3899 5789 1273948444
2677 4400 1267833637
3901 4011 1267850349
3901 4625 1269342446
3901 4837 1269872187
3901 5142 1270538653
3901 6333 1275437026
3901 2503 1278412019
3901 7499 1279496935
3901 4500 1279680076
3901 3931 1279685612
3901 6646 1279701683
3902 3939 1265886604
3902 3944 1265909686
3902 1874 1266643494
3902 4753 1269055756
3919 4658 1268775112
3919 4718 1269027887
3922 3967 1265991006
2555 3996 1271800039
2555 4971 1273773532
3931 4011 1266530233
3939 3940 1265886952
3960 6451 1275412692
3958 3974 1266030716
3958 3977 1266047129
3958 4063 1266471445
3958 5005 1271728053
3958 5952 1274032543
2985 4058 1266460285
2985 4100 1267065081
2985 5034 1278485978
2985 4053 1279847238
3380 4035 1269548571
3380 4653 1270078435
3380 3635 1272469781
3380 5229 1273011471
3380 5952 1274378334
3737 4351 1269161931
3737 3635 1271868207
2386 5709 1276096908
2386 5701 1274219994
2386 5753 1276055708
2386 7076 1277801696
3995 5394 1271374910
3995 5715 1272568356
4000 76792 1266228070
4002 5903 1275322053
4002 5029 1277353804
3959 4615 1268545077
3959 5036 1272180799
3959 5072 1273624195
3959 6258 1274602440
3959 6131 1275690195
3959 6590 1275967365
3959 3959 1276219950
3959 3537 1277043483
3959 7154 1277782287
3959 5292 1277940428
3959 4367 1278464943
3318 4183 1275929555
3951 17773 1267088242
3635 1474 1270574650
3635 5572 1272051702
3635 5598 1272292693
3635 5498 1278525915
3635 7079 1279308172
3635 7673 1279315707
1377 4621 1270895890
2158 4302 1267408493
2158 3970 1267423279
2158 4619 1269310744
1656 17773 1267619595
1656 4806 1269468926
1656 5268 1270944342
1656 5566 1272208106
4041 4041 1266406620
4045 4061 1266629727
4048 4380 1267740442
4054 4049 1266453837
4054 5394 1271375033
4055 4059 1266461434
4053 4408 1270866152
4061 4105 1266636282
4070 3875 1266521699
4035 4291 1270447977
4035 5626 1272607542
4035 6206 1275344410
4085 4102 1266627676
4085 4252 1267182715
4085 7507 1279209699
4086 4086 1267241589
4086 5903 1276577354
4086 5583 1278309346
4086 6794 1278316157
4086 5963 1279191280
4092 4235 1267089176
4095 4594 1268525520
4097 4257 1267162311
4097 4267 1267201234
4108 4140 1266769953
4110 6986 1266657370
6986 5545 1271967075
6986 1411 1274184835
4111 4925 1270263168
4111 1785 1270265704
4117 4117 1266736916
4126 4120 1266726334
4126 4606 1268954319
4126 4661 1269116609
4126 4823 1269375580
3822 4643 1268869984
3822 6742 1277874356
3920 4405 1267850610
602 2446 1276539914
602 6349 1276733810
4135 7248 1278427518
4135 4281 1278436638
4135 5034 1278455343
4140 4312 1279342027
4149 4763 1269104256
4149 4794 1269559724
4149 339 1273818317
4149 3996 1271889508
4149 4149 1273823160
4133 4761 1269087888
4133 5938 1273265609
4133 6619 1275890129
4520 4170 1266903626
4520 3996 1271951005
4520 6481 1275434891
1307 1307 1266868319
4170 6779 1276759321
4170 6357 1279327485
4176 4020 1274347291
4176 6209 1274391625
4183 4239 1267115121
4183 4500 1270079328
4183 5756 1272745141
4183 4639 1273725290
4183 6031 1274331441
4183 4183 1275233950
4183 6960 1277845775
4183 2592 1279728391
4005 5701 1274231408
4005 7373 1278485649
4186 4181 1266958545
4181 4420 1267907920
4197 4020 1274583305
4200 6985 1278551219
4200 6651 1279672487
4198 4180 1267076220
4198 4245 1267119678
4198 2481 1268457554
4198 4351 1269298556
4201 2664 1266993792
4180 5562 1272016769
4180 5744 1272659214
5787 4661 1273121602
358 358 1267139837
2446 6779 1276573958
4235 4333 1272771939
4235 4245 1275089440
4235 5830 1275330230
4222 4557 1268353057
4241 3664 1273969277
4248 5466 1271724643
3536 5621 1272318064
4268 4300 1267394466
4275 4710 1268925267
4275 1668 1268940193
4275 6345 1275057096
4280 4279 1267299058
4279 6262 1275792333
5730 5015 1276033068
4287 4288 1267313801
4291 4767 1270476315
4291 5080 1270193387
4076 3759 1268761560
4076 5689 1272490304
4076 6789 1279506804
4304 4417 1267909185
4304 4325 1267931496
4304 4746 1269044122
4304 4747 1269051521
4304 4797 1269243074
4304 4960 1269774623
4304 4972 1269812237
4304 4975 1269922500
4304 5716 1272572062
4304 7050 1277387877
4304 6658 1277497579
4281 5751 1279439572
4036 5712 1273437723
4325 6205 1274377572
4325 6206 1274386866
2641 4348 1267598515
4327 2109 1274650956
4333 4428 1271951478
4333 3521 1275201780
4333 17988 1273289566
4333 5944 1273290042
4333 5830 1273373319
4333 10696 1274222942
4333 4101 1274297664
4333 1055 1274846623
4336 5963 1276943171
4336 7256 1278043281
4336 4336 1278532624
4336 7460 1279237099
4336 7772 1279838073
3759 4527 1268253677
3759 5329 1271188450
4344 4194 1268333741
4344 5106 1270317488
4344 5229 1271352503
4344 5543 1271970381
4344 6116 1274640808
4344 4643 1279730633
4348 15470 1270087651
4361 5297 1271077211
4361 6872 1276983607
4194 4558 1268356459
4194 5566 1272328128
4272 4272 1267699905
4363 5536 1272577780
4250 4642 1268707214
2245 4491 1268111691
4401 4669 1268987564
4401 4741 1269028916
4400 4400 1268105842
4400 4677 1268834345
4400 5440 1271719398
2565 4910 1278632204
4405 4415 1267867741
2481 5101 1276800416
4421 4428 1267937815
4398 4481 1268095935
4087 5036 1269848507
4087 5999 1275949993
4087 7399 1278909978
4428 5296 1271950479
4428 5395 1272109955
4428 5292 1274966949
4428 6425 1275194362
4428 7041 1277473662
4428 5101 1278564956
4466 4732 1268975639
3029 5627 1274998742
4020 4500 1273253608
4503 3172 1268175697
4503 4503 1268342340
6753 4526 1276314491
4218 6494 1277633242
4218 6926 1277669000
4507 4507 1268269143
3723 3723 1268533044
3723 5453 1271878261
3723 5542 1273183051
3723 6043 1273668147
3723 6902 1276963798
3723 5761 1276972231
3723 7079 1279141391
4542 5002 1271906111
4542 7416 1278591784
4537 4537 1268526303
2610 5789 1273699753
2610 7728 1279821792
4553 7386 1278551295
4553 7534 1279046832
4553 6357 1279158574
4558 4639 1277456440
4558 7086 1277661161
4558 6531 1278081015
4568 4017 1269040244
4568 4831 1269404724
4568 5484 1278628664
4572 4671 1268939772
4572 4890 1269526967
4572 2913 1269871948
4572 5181 1270608704
4572 5082 1272071087
4606 4661 1271451543
4606 692 1274632597
4606 5784 1276100587
4606 6781 1276528085
4477 4653 1268718880
4477 6902 1276964730
4621 4621 1273683085
4621 2783 1278644690
4622 5627 1272742241
4622 7223 1277969017
4637 4650 1268678213
4639 5536 1271998493
4639 5690 1274156549
4648 7307 1278515280
4649 4991 1271245383
4642 6883 1276913519
4351 4697 1268866146
4351 5005 1270195911
4351 5274 1271449174
4351 7456 1278704781
4659 6330 1274911867
4661 4923 1269902425
4661 5091 1270253807
4661 6421 1275440575
4661 7801 1279748900
4653 5952 1274381616
4653 6451 1277497555
4653 6545 1277777585
4653 4399 1278914467
4500 5005 1269978805
4500 5572 1272050323
4500 6206 1274822968
4500 5562 1275515658
4669 4734 1268987406
4669 6043 1274415022
4672 4658 1268774450
4672 4672 1271905040
4672 3537 1272094296
4658 4741 1269029901
4658 4759 1269163903
4658 4833 1269424210
4658 5415 1271479093
4658 5764 1273028667
4658 6191 1274328723
4658 6556 1275701412
4658 6400 1277615328
4658 6979 1278312009
4658 7002 1279006709
4682 5980 1273618563
4619 2171 1269310454
4619 4811 1269314637
4619 4933 1269634257
4619 6658 1277164060
4677 4741 1269026650
4673 4832 1275616212
4673 3983 1278118082
4673 2783 1278643696
4673 6781 1278649132
4643 3521 1270956922
4698 4910 1278207902
4698 5484 1278298852
4710 5830 1273083878
4676 5442 1271991143
4714 4720 1268956787
4714 4725 1268965344
4714 5219 1270728673
4753 6942 1277255425
4757 4800 1269563651
2171 4797 1269241142
4782 7081 1277523967
4782 4312 1277572074
4782 6566 1277827501
4782 7399 1278992175
4782 6756 1278994026
4782 5714 1279050910
4782 7258 1279205590
4782 5480 1279225821
4782 51 1279228863
4783 4904 1269543111
4799 3928 1269278085
4800 4856 1269466013
4716 5101 1271876790
4423 5442 1271839936
4423 5644 1272339561
4423 6415 1275356426
4423 6085 1275872893
4423 5883 1278131408
4821 5735 1272646558
4821 2464 1272736599
4821 5775 1272898896
4517 4517 1271636269
4261 4833 1269407854
4261 5363 1271295967
4261 6442 1278724991
4832 4626 1273184065
4832 5907 1273188968
4832 4282 1273871961
4832 5136 1273875462
4832 5627 1274400598
4832 6696 1276124392
4832 2416 1276649110
4832 4928 1276747606
4832 7223 1278029227
4832 7079 1279321856
4832 7392 1278990137
4832 7827 1279834383
4853 4806 1269455997
4626 5165 1270559922
4872 4891 1269513083
4872 5136 1270462241
4872 5373 1271298195
4872 4767 1271341569
4872 5229 1271397939
4872 5398 1271478679
4872 5431 1271566182
4872 5731 1272604146
4890 7311 1278637158
4893 4896 1269518912
4893 6262 1274971730
4863 3521 1278197730
4863 6773 1278198975
4854 5753 1273369522
4854 5010 1273369539
408 4928 1269633462
4928 4928 1278284750
4928 4925 1270429788
4928 6647 1276346132
4928 461 1276861493
4928 6651 1277231110
4928 3983 1277951358
4928 4582 1279736841
4934 4925 1269639165
4925 6572 1275784629
4925 6651 1276774303
4923 4923 1270733852
4923 6627 1275913245
4963 757 1269763207
4960 4910 1271895741
4965 5034 1270006564
4972 3926 1269876227
4975 5010 1269955651
4915 6307 1275937469
5484 6415 1275276058
5484 6357 1275284306
5036 5036 1270007639
4991 4709 1269920475
4991 5089 1270183716
4991 5260 1271078532
4991 5175 1272110396
4991 6023 1273580170
4991 6913 1276982685
4990 5683 1275387214
3926 5753 1278031668
5000 4490 1270004128
5000 5338 1271209725
5000 5498 1271806650
5005 5005 1269916646
5005 3102 1270196962
4959 4959 1271089070
4959 5213 1270707128
4959 5268 1270953558
4959 5312 1271349684
4959 5486 1271817688
4959 4660 1275007652
4959 6531 1278954340
5010 5566 1272233328
5010 6521 1277900612
5034 5575 1272933359
5034 4367 1278471588
5034 6451 1279046778
5034 6716 1279055037
4910 5536 1271952009
4910 7285 1278172516
5059 6400 1276183009
5072 5513 1273245183
5072 5072 1273594831
5044 5154 1270532129
5082 5082 1270512970
5082 6165 1274241137
5082 6545 1275706326
5082 6773 1277248768
3102 5170 1270584895
3102 5309 1275280879
3102 6334 1275371783
5002 6066 1273767526
5147 4367 1271937156
5147 5534 1271946373
5147 7328 1278333494
5147 5292 1279519727
5147 7758 1279601509
4678 6270 1274713034
4678 6357 1279229892
4745 4367 1273794413
5101 7614 1279234336
5101 7666 1279560596
5108 5121 1270374371
5100 2802 1270336734
4971 6668 1278884198
4971 6451 1279056973
5136 5153 1270530262
5136 6114 1273875586
5136 1539 1273896715
4367 5340 1271431788
4367 5513 1273990244
5144 5090 1270521029
3886 7175 1277836554
3886 7056 1279055394
1474 5651 1272399096
5229 5220 1270730513
5229 5575 1272526182
5229 5768 1272813687
5229 5229 1273267451
2464 5259 1271994790
5175 5555 1271995079
5175 4535 1274265500
5175 4842 1279042570
5175 6651 1279650431
5175 7726 1279709023
5197 5273 1271000242
5197 5464 1272106377
5200 6726 1278965560
5200 7575 1279080377
5217 3983 1279491713
5199 30395 1276728156
5231 5365 1271521977
5231 5678 1277777171
5210 6460 1278778483
3521 5337 1271450391
3521 6254 1275034611
3521 6433 1275260182
3521 5775 1275398445
3521 6430 1276006641
3521 7101 1277617289
3521 7168 1278500211
3521 5506 1278964014
5260 5275 1270942781
3755 5535 1271946594
5267 5597 1272424348
5267 5744 1272956440
5268 6524 1275543908
5273 6960 1278107863
5282 5357 1275239309
5282 7056 1279056079
5281 5651 1272356959
5259 5259 1272600521
5259 5728 1272599770
5259 6433 1275255666
5259 6497 1275487805
5259 6534 1275591110
5259 6658 1277916142
5259 6871 1277925259
5259 7035 1277983145
5304 5415 1271482498
5304 5431 1271566884
5304 5700 1272602988
5304 6100 1273939077
5304 7562 1279072058
5309 5464 1271719615
5309 5690 1273616140
5309 5309 1273616361
5309 5513 1274061001
5309 5372 1277688055
5309 7325 1278308384
5309 7357 1278425411
5313 5319 1271126814
5316 5394 1271376145
5316 5344 1271383353
5316 5555 1272002429
5337 10696 1271330371
5337 2109 1273341556
5337 9449 1273368829
5337 5659 1273379176
5337 5714 1273523647
5337 5971 1273395327
5337 5372 1273396280
5337 5974 1273413142
5337 5387 1273417459
5337 5998 1273510361
5337 7739 1279545556
5340 5340 1271458532
5340 6343 1275067459
5365 5963 1274769326
5365 6357 1275277243
5365 6651 1276269624
5365 6035 1276275411
5365 6781 1276449195
5363 4660 1271292275
5372 6779 1276630571
5372 6494 1276744772
5372 6903 1276929678
5372 6916 1277010022
5372 3988 1277277075
5372 7048 1277444553
5372 7086 1277608982
5372 7330 1278631091
5372 4046 1278909725
5372 6357 1279185278
5372 7672 1279315223
5372 7313 1279777811
4660 5908 1274834089
4660 6476 1275427920
4660 6484 1275449590
4660 4571 1276037067
4660 6855 1276805474
4660 6966 1277188293
4660 6983 1277333251
4660 6137 1277368044
10696 6031 1274476342
5344 7228 1278966514
5419 5419 1271549371
5431 7283 1278123241
3698 2085 1271578763
3849 6779 1276795574
5378 40739 1271625839
5378 5674 1272551090
5378 4345 1274851554
5292 6277 1274684952
5292 6521 1277794870
5292 5513 1275985003
5292 6716 1276167219
5292 7103 1277600797
5292 5292 1278152809
5292 7206 1279437277
5292 7743 1279560238
3664 5462 1271718932
3664 5516 1277782072
3996 6035 1274837187
3996 6309 1275919916
5462 6131 1275793174
5469 5286 1271728453
5473 6827 1272909044
5486 5633 1272328376
5442 6361 1275078984
5442 6307 1278045044
5442 6466 1279843137
5442 6400 1277063431
5442 7053 1277757796
5442 5228 1278020260
5442 7257 1278385020
5442 5802 1278532939
5442 6702 1278788554
5498 692 1273508790
5498 5753 1278523453
5498 7515 1278949727
5498 7079 1279576702
5499 5314 1271922064
5453 5756 1276390141
5542 6147 1274213432
5542 6159 1274221413
5542 6898 1279732287
5523 5523 1271984503
5555 5652 1272352828
5555 5976 1273426330
5566 5551 1272008151
5566 6579 1279076848
5566 7655 1279608841
5572 6415 1275758410
5575 5597 1272409267
5575 5735 1272935185
5575 820 1272939226
5575 5701 1274919648
5575 3983 1277152658
5575 6647 1277159939
5575 7086 1277509495
5575 7033 1277514477
3537 692 1273953032
3537 5952 1273953851
3537 5387 1273968033
3537 3537 1277044748
3537 461 1276343462
3537 5627 1277048847
3537 7055 1277508251
3537 7153 1277781078
3537 4842 1279047150
5387 5597 1272403734
5387 5846 1273057563
5387 5387 1273582219
6794 4312 1275217959
6794 6649 1277125447
6794 6085 1277368004
6794 7041 1277370721
6794 6787 1277714066
6794 7269 1278201337
6794 6307 1279276546
6794 7758 1279608011
5583 5761 1272782180
5583 7302 1278209232
5609 5751 1273058521
5633 5639 1272332905
5646 5653 1272362579
5654 5637 1272367698
5659 6114 1273971701
5659 6031 1274490281
5640 5789 1273636569
5640 6035 1273639282
5675 5674 1272427386
5526 6821 1276638479
5712 4312 1272561937
4312 6303 1274805709
4312 5903 1275256947
4312 6415 1278476936
5627 5751 1272753534
5627 5762 1272771036
5627 5627 1277823261
5627 6902 1277000118
5627 7016 1277572998
5732 5914 1273201319
5732 6269 1275860233
5732 6985 1278497638
5735 5733 1272610921
5735 6817 1276668272
5735 6766 1277661369
5735 7192 1277880383
5743 7328 1278340076
5756 5758 1272747024
5756 6441 1275274342
1894 6773 1276687790
5751 7486 1278823515
5761 6904 1276928143
5761 6357 1277015931
5761 5761 1277176654
5761 7257 1278192851
5761 7348 1278385205
5768 6921 1277048520
5775 6270 1274669134
5775 6716 1278556000
5784 5783 1272868540
5784 5784 1275618958
5784 7238 1278448068
5784 7002 1279002234
5784 7551 1279082060
5784 6916 1279898797
5789 3983 1279690650
5802 5807 1272951245
5802 7391 1278532162
5800 6262 1274832671
5810 6647 1277902719
5810 6702 1278768579
5810 6716 1279418301
5810 6401 1278969857
5801 5830 1273371968
5801 7516 1278955266
5827 5825 1273017361
5823 7424 1278684970
36285 6013 1273554546
5830 6571 1275782201
5830 6576 1275805694
5690 6111 1273986172
5690 6031 1274127587
1243 1243 1279260989
5903 6324 1274897621
5903 461 1275255680
5907 6415 1276912602
5360 6524 1275630643
5360 6357 1279156927
5360 7655 1279251980
5513 5926 1273242381
5513 6579 1276392432
5945 5950 1273282803
5945 7227 1277974960
5952 6031 1273629541
5952 3848 1274123025
5952 6515 1275529127
5952 7263 1278107873
5917 1871 1273467922
5917 6166 1274246800
5917 7247 1278012282
5917 3981 1278744210
5753 6031 1273945673
5753 6194 1274329981
5753 6415 1275265088
5753 6091 1276647566
5753 7466 1278712945
5753 6514 1278726932
5753 5506 1279073431
5753 6451 1279136377
5753 7804 1279757833
5960 5934 1273343293
6096 6089 1273875978
5963 4345 1274805951
5963 6347 1275018580
5963 6679 1276058042
5963 6847 1276728250
5963 6131 1276947928
5963 6988 1277249057
5963 6154 1277847928
5963 7205 1277950352
5963 3484 1279141285
5965 5701 1274923062
5965 5883 1278665004
5965 2568 1278868186
692 5986 1273461222
692 5736 1273550577
692 6111 1273965290
5993 5766 1273523675
5766 7311 1278767435
5736 5548 1273557905
6013 6398 1275195166
5548 6089 1273870904
6015 6233 1274486391
6015 6883 1276896577
6015 7234 1277985435
6031 6126 1274056712
6031 6040 1275151423
6035 4046 1279228229
5724 6415 1277736026
6043 7154 1277796277
461 6104 1273946656
461 6414 1275225320
461 7667 1279643701
6082 6082 1275596480
6089 1150 1276099207
6089 6355 1276363792
4282 4282 1273866962
6099 6107 1273950961
3213 5988 1273935387
6085 6085 1276552558
6085 7079 1278858160
6085 7507 1279139900
6085 6466 1279865368
5701 6091 1276648159
6131 6262 1275795583
6131 6625 1275898333
6131 6772 1277068158
6131 7311 1278232252
6149 5516 1274196736
6167 6166 1274243745
6194 3983 1274336247
3983 4526 1276304414
3983 6766 1279757431
3983 7081 1277754857
3983 7148 1277777072
3983 7223 1278003348
3983 7294 1278182974
3983 7288 1278225325
3983 7486 1278811091
3983 7814 1279773215
6209 6555 1275711589
6235 6223 1274491446
6248 152 1275077134
6266 6563 1275714938
6266 7076 1277879363
6270 6590 1276034640
6277 6355 1275192424
6277 6517 1275617934
3810 3810 1277497204
3810 6908 1277509244
6141 6141 1274746032
6290 4571 1274749805
6255 6590 1275984445
6324 5977 1274903402
6327 6326 1274895706
6339 7489 1279374463
6343 6369 1275046618
6348 6571 1275922733
6348 6742 1276270817
6349 6831 1276682434
6349 7254 1278065637
152 6494 1276844250
6366 6388 1275076275
6381 6320 1275064179
6320 1720 1275713922
6320 7076 1277878553
6355 6517 1275526565
6355 6382 1275779212
6355 6577 1275807242
6357 7442 1278862971
6357 7618 1279162267
6357 7619 1279163532
6357 2036 1279322501
6418 6398 1275159649
6398 6459 1275361325
5357 5883 1276474854
6433 6475 1275424397
6438 4167 1275268111
6441 6435 1275276665
6442 6921 1278733873
6451 6569 1275755555
6451 7499 1278874496
6451 47274 1279049095
6460 7086 1277688891
6460 7591 1279351453
6466 6619 1275941855
6466 6787 1276600834
6466 7743 1279731125
6476 6483 1275443343
6484 6655 1276027684
6485 6750 1276382955
6485 7674 1279751301
6486 6923 1277177668
6486 6941 1277350281
6503 6514 1275524913
6503 6976 1277223645
6503 7307 1278958190
6503 7489 1279305388
6514 7461 1278722033
6514 7466 1278900581
6514 47274 1279066969
6514 7079 1279290953
6515 6856 1278471486
6521 6103 1277881370
6522 6590 1275972643
6545 6382 1275779488
6545 6590 1275954887
6545 7145 1277773179
6545 7780 1279668189
6550 4608 1276924216
6549 6557 1275702981
6555 6401 1275708794
6401 6382 1275783786
6401 6694 1276131266
6401 6941 1278094560
6401 7168 1278471559
2602 6307 1275874938
6576 6576 1275840907
6430 6772 1276444977
6430 7531 1279127504
6430 7756 1279599002
6307 6612 1275877592
6307 6716 1278107621
6307 5506 1279236390
6619 6619 1276324502
6210 6634 1275939099
6627 6691 1276573916
6627 7047 1277384546
6627 6531 1277945798
6590 6651 1276003113
6647 6637 1278339549
6647 7081 1277749485
6647 7256 1278082584
6647 7828 1279820348
6651 6722 1276333509
6651 7486 1278812509
6651 7778 1279664606
6658 6694 1276127900
6658 6871 1276891833
6658 7023 1277330081
6658 6960 1277845753
6679 6360 1279113939
6716 7048 1278118009
6716 7364 1278551198
6716 6579 1278987567
6716 7089 1279013407
6716 7647 1279233293
6716 7667 1279460522
6400 6579 1277083978
3441 7589 1279092180
6726 7252 1278041968
6579 7094 1277822832
6579 7154 1277943837
6579 7192 1277955220
6579 6637 1278382376
6579 7364 1278486060
6579 7089 1279171546
6579 7534 1279032763
6579 7507 1279186378
6579 7607 1279694379
6579 3812 1279768052
6214 6214 1278566207
6714 6714 1276289164
6742 6742 1278386903
6759 7076 1277885279
6766 7663 1279302210
6756 6769 1276379784
6756 6890 1276904771
6750 6778 1276433257
6750 6863 1276797800
6773 6836 1276714461
6773 6776 1276770370
6773 6960 1278266451
6773 6949 1278616607
6774 6494 1276430424
6494 5610 1276495628
6494 6781 1276736450
6494 1691 1276844440
6494 2791 1277532789
6781 7350 1278394554
6781 7079 1278693903
6781 7713 1279596665
5883 7086 1277584104
5883 6886 1278695128
5610 6926 1277686258
6787 7257 1278577281
6787 7754 1279625774
6800 7001 1277350974
6800 7076 1277889376
6645 6645 1276562713
6637 6477 1277250191
6847 6847 1276732456
6871 7300 1278196313
6871 7671 1279313862
6903 6906 1276932963
6904 7053 1277882749
6904 7687 1279437952
6904 7247 1279555914
6904 7607 1279684894
6886 5790 1279569074
6886 7755 1279590180
6926 7081 1277683255
6926 2791 1278963576
6649 6942 1277134544
6854 5790 1277140831
2883 7081 1277526580
2883 2592 1279888489
6966 6975 1277312010
6966 7056 1277411448
6477 7076 1279315168
6992 7177 1277859425
6998 7033 1277421981
7005 5506 1279696648
7005 4164 1279715914
7002 6531 1278130183
7012 7058 1277412835
6892 7036 1277353028
7048 685 1277385248
7048 7092 1277537962
7048 7507 1279113954
7053 7142 1277763417
7056 7534 1279055761
7071 7049 1277440034
7049 7200 1278005625
7086 7117 1277650903
7086 1907 1277722208
7086 2663 1277766248
7086 7076 1277776368
7081 7106 1277613177
7081 7158 1277790958
7081 7246 1278009876
2791 6531 1278959589
7089 51 1279086557
7016 3981 1278607198
7101 7129 1277711133
4391 7112 1277630509
7076 7181 1277863404
7076 7320 1278302374
7076 7625 1279174033
7076 7079 1279175174
7076 7258 1279190978
6531 7206 1278076904
6531 7373 1278683521
6531 7534 1279025761
6531 6531 1279033420
6531 7671 1279565439
6531 7765 1279727759
6531 7827 1279816188
7094 7094 1277759019
7094 7171 1277827800
7094 7176 1277846055
6789 7139 1277792267
6670 7144 1277812948
7174 7110 1277835796
7205 7072 1277981992
7231 7229 1277982583
7248 7238 1278437776
7248 7765 1279637796
7239 7239 1278551063
7252 7702 1279415506
7193 7361 1278549122
7266 7218 1278070889
7218 7377 1278477146
7206 7369 1278444474
7269 5577 1278283768
7269 7311 1278898151
7269 7537 1279038040
7257 4392 1278448042
7262 7325 1279325446
7285 4046 1279542638
3428 7203 1278186202
7311 7647 1279236664
7311 7660 1279281578
7320 6922 1278335618
7320 7625 1279173968
7328 7150 1278363807
7168 6856 1278470690
4842 448 1278494448
4842 7079 1279107669
4842 7460 1279033771
7360 7360 1278444788
7386 730 1278720099
7402 7401 1278554904
7410 7393 1278567160
3981 7170 1278621913
3981 3981 1278695005
7422 7422 1278626688
7330 6715 1278865052
7458 7458 1279720509
7383 7383 1278646700
7258 7477 1278740972
6715 7079 1278692979
7424 7424 1279222538
7079 6321 1278794446
7079 7460 1279131615
7079 7694 1279378847
7079 7775 1279655358
7079 7692 1279728609
7079 7685 1279747937
7461 7467 1278712872
7460 7499 1278868392
7460 4046 1278977247
7460 7769 1279645528
7460 7780 1279671767
7460 5480 1279828681
35336 7582 1279086690
5506 3484 1279141520
5506 7647 1279235927
7486 7486 1278810460
7392 7691 1279367439
7492 7492 1278923875
7512 7510 1278983998
7520 3027 1278988283
7126 7527 1278982711
7531 7756 1279598527
51 6898 1279717218
51 7641 1279882995
7607 7607 1279293678
7607 7743 1279818958
7647 7683 1279340607
7641 6300 1279260996
7653 7653 1279304707
7644 7489 1279303955
7489 7489 1279343966
7695 7646 1279584718
7695 3512 1279387383
7727 7726 1279510858
7732 4412 1279614532
7732 7760 1279618529
7732 7765 1279624953
7732 7743 1279652819
7732 6898 1279709387
7739 7742 1279559616
1816 7686 1279549310
7742 7595 1279586271
7759 7803 1279756212
7692 2592 1279897610
2592 7861 1279899958
7821 7817 1279798517
