28 378 1255614319
56 2988 1262635522
85 679 1255921936
97 2578 1268157653
910 1057 1256614645
986 76 1256086857
182 1065 1256357637
436 1273 1276186219
423 648 1255894394
322 778 1256067807
539 1327 1260880034
467 590 1255848878
570 5483 1271932698
572 179 1271505649
621 702 1255944053
625 4118 1266711247
732 4671 1271569303
178 1733 1258096231
773 779 1256018652
109 1800 1258751830
800 6216 1274466148
806 1592 1257699823
836 860 1256120056
851 835 1256108542
873 878 1256137541
908 2003 1258994847
984 3552 1269099156
996 1494 1257417175
997 1844 1261534619
1013 1071 1256368939
1084 1231 1267030339
5771 5395 1272803232
1054 3819 1265414001
1142 1460 1258671517
707 1221 1256695091
1148 2755 1262442926
838 4199 1267026761
801 771 1256589886
1202 1566 1258549303
927 3885 1265613866
20584 1178 1256970590
1220 1404 1257244232
1216 1258 1256783299
1268 686 1256809753
1274 1276 1256846388
1281 2320 1260132388
874 5780 1272847875
1401 1308 1257243454
1120 1535 1260521586
1442 1471 1257364975
1445 7223 1277984932
1481 4766 1269116165
1214 1519 1257468649
1525 2205 1259724827
1544 1583 1257636415
1555 3888 1272044223
1570 1577 1257594497
1649 6288 1274737566
936 2034 1259002541
1692 1714 1258050168
1704 1074 1259287525
1729 7332 1278347085
1761 2322 1260046616
1779 1780 1258182499
1782 1983 1260499182
1791 3907 1266124261
1810 1796 1258281226
1823 1879 1258544296
1837 3291 1272235493
1846 1591 1258421471
1865 1864 1258504685
1686 7139 1277826860
1928 1987 1258787038
1939 1937 1258675541
1948 1949 1258693508
1969 6344 1275338632
1979 3000 1268291958
2014 2711 1261286564
2031 7325 1278538643
2039 7621 1279167826
3214 5710 1276030397
2096 4536 1268287942
2099 2102 1259297042
2111 2121 1259390831
2117 2657 1261105208
2122 6710 1278321211
1134 2446 1267138977
2224 2482 1260483694
1186 2380 1269557129
2286 3052 1262918309
1876 3565 1264579543
2370 2357 1260230245
2381 4767 1271011162
1530 7012 1277329232
970 4246 1279502357
2458 2447 1260407796
2474 2509 1260579637
400 5312 1271889755
2231 2500 1260535946
2515 2541 1260694539
2570 5908 1274261999
2569 7573 1279167928
2628 2565 1278630511
2146 5092 1270225215
2702 4837 1269472518
478 2883 1277532261
4696 4317 1271731470
2805 3011 1275190084
2814 2816 1261882472
2868 6772 1276450534
2873 2877 1262104994
2878 2872 1262106781
2923 3475 1274256114
2865 2935 1262404227
2933 3867 1265568442
389 2974 1262647589
2991 3170 1266366729
3023 6818 1277275260
3045 6700 1278477867
3054 5705 1272636416
2989 5210 1270769236
3092 7832 1279825045
3161 5660 1272804339
1735 4580 1268445631
3205 3282 1270788158
3244 3287 1263619782
3285 3358 1263854583
3290 4130 1266741569
3301 3449 1264134382
1607 5217 1270862443
3293 4676 1271996475
3315 4067 1266494431
3346 3361 1263855393
3365 3366 1263870825
3376 5066 1271306045
3096 3675 1265424801
3396 3233 1264645668
3427 1961 1264087925
3458 3432 1264153669
3494 3762 1265249562
3513 3380 1267143945
435 5288 1271007246
3533 5398 1271645775
3613 3605 1264739509
3615 7361 1278503022
3645 3671 1264988268
3377 3952 1265959522
3649 3843 1265509582
3651 4358 1267638347
3787 4357 1267617990
3803 6243 1276441394
3855 5279 1270977724
3857 5116 1270330081
3882 4389 1267778819
3897 4805 1269286497
3899 4436 1267949543
3919 4718 1269027887
3922 3967 1265991006
3931 4011 1266530233
3939 3940 1265886952
2386 5709 1276096908
4000 76792 1266228070
3951 17773 1267088242
4055 4059 1266461434
4053 4408 1270866152
4070 3875 1266521699
4095 4594 1268525520
4108 4140 1266769953
3822 4643 1268869984
4135 4281 1278436638
4197 4020 1274583305
4200 6985 1278551219
4201 2664 1266993792
4222 4557 1268353057
4248 5466 1271724643
4268 4300 1267394466
4280 4279 1267299058
4287 4288 1267313801
4327 2109 1274650956
4348 15470 1270087651
4194 4558 1268356459
2245 4491 1268111691
4398 4481 1268095935
6753 4526 1276314491
2610 7728 1279821792
4477 6902 1276964730
4622 7223 1277969017
4637 4650 1268678213
4648 7307 1278515280
4659 6330 1274911867
4673 2783 1278643696
4698 5484 1278298852
4753 6942 1277255425
2171 4797 1269241142
4783 4904 1269543111
4799 3928 1269278085
4423 5644 1272339561
4853 4806 1269455997
4626 5165 1270559922
4893 4896 1269518912
4963 757 1269763207
4972 3926 1269876227
4990 5683 1275387214
5059 6400 1276183009
5044 5154 1270532129
5108 5121 1270374371
5100 2802 1270336734
5144 5090 1270521029
3886 7175 1277836554
5199 30395 1276728156
3755 5535 1271946594
5282 5357 1275239309
5313 5319 1271126814
5431 7283 1278123241
3698 2085 1271578763
5469 5286 1271728453
5473 6827 1272909044
5498 7515 1278949727
5499 5314 1271922064
5583 7302 1278209232
5646 5653 1272362579
5654 5637 1272367698
5659 6114 1273971701
5675 5674 1272427386
5526 6821 1276638479
5743 7328 1278340076
5768 6921 1277048520
5810 6702 1278768579
5801 7516 1278955266
5827 5825 1273017361
36285 6013 1273554546
5513 5926 1273242381
5960 5934 1273343293
5965 2568 1278868186
5993 5766 1273523675
5736 5548 1273557905
6043 7154 1277796277
3213 5988 1273935387
6149 5516 1274196736
6167 6166 1274243745
6209 6555 1275711589
6235 6223 1274491446
6248 152 1275077134
6266 6563 1275714938
6277 6517 1275617934
6290 4571 1274749805
6327 6326 1274895706
6343 6369 1275046618
6348 6571 1275922733
6366 6388 1275076275
6433 6475 1275424397
6438 4167 1275268111
6441 6435 1275276665
6442 6921 1278733873
6466 7743 1279731125
6476 6483 1275443343
6484 6655 1276027684
6485 7674 1279751301
6515 6856 1278471486
6521 6103 1277881370
6550 4608 1276924216
6549 6557 1275702981
6210 6634 1275939099
6679 6360 1279113939
3441 7589 1279092180
6766 7663 1279302210
6800 7001 1277350974
6637 6477 1277250191
6903 6906 1276932963
6649 6942 1277134544
6854 5790 1277140831
6966 6975 1277312010
6992 7177 1277859425
6998 7033 1277421981
7005 4164 1279715914
7012 7058 1277412835
6892 7036 1277353028
7053 7142 1277763417
7071 7049 1277440034
7049 7200 1278005625
7101 7129 1277711133
4391 7112 1277630509
6789 7139 1277792267
6670 7144 1277812948
7174 7110 1277835796
7205 7072 1277981992
7231 7229 1277982583
7239 7239 1278551063
7193 7361 1278549122
7266 7218 1278070889
7218 7377 1278477146
7206 7369 1278444474
7269 5577 1278283768
7269 7537 1279038040
7257 4392 1278448042
7262 7325 1279325446
7285 4046 1279542638
3428 7203 1278186202
7320 6922 1278335618
7320 7625 1279173968
7328 7150 1278363807
7168 6856 1278470690
4842 448 1278494448
7360 7360 1278444788
7386 730 1278720099
7402 7401 1278554904
7410 7393 1278567160
7422 7422 1278626688
7330 6715 1278865052
7458 7458 1279720509
7383 7383 1278646700
7258 7477 1278740972
7461 7467 1278712872
35336 7582 1279086690
7486 7486 1278810460
7392 7691 1279367439
7492 7492 1278923875
7512 7510 1278983998
7520 3027 1278988283
7126 7527 1278982711
7531 7756 1279598527
7647 7683 1279340607
7641 6300 1279260996
7695 7646 1279584718
7695 3512 1279387383
7727 7726 1279510858
7739 7742 1279559616
1816 7686 1279549310
7742 7595 1279586271
7759 7803 1279756212
7821 7817 1279798517
