28 378 1255614319
56 2988 1262635522
97 9582 1285711794
151 2869 1262061230
910 1057 1256614645
986 76 1256086857
182 1065 1256357637
436 1273 1276186219
423 648 1255894394
467 590 1255848878
550 1163 1256596361
538 562 1255831472
570 5483 1271932698
669 12090 1294475739
687 4747 1270177633
571 6515 1281491236
772 18283 1339751128
178 1733 1258096231
773 779 1256018652
109 1800 1258751830
836 860 1256120056
851 835 1256108542
873 878 1256137541
885 6854 1283030837
887 3533 1264459676
180 22877 1334313477
908 1326 1283118260
962 1170 1282955149
889 4129 1329887864
996 1494 1257417175
825 1735 1263348534
1017 13197 1299321343
1027 11502 1292297282
5771 5395 1272803232
1068 18089 1321655083
1109 4682 1270611862
1054 3819 1265414001
838 4199 1267026761
1158 5112 1270805588
146 16336 1310271038
927 3885 1265613866
20584 1178 1256970590
1216 1258 1256783299
1261 10862 1295853125
1268 686 1256809753
1313 3285 1263619302
1104 2929 1262364162
874 5780 1272847875
1403 4420 1267908852
1401 1308 1257243454
1404 15449 1319432561
1120 1535 1260521586
1442 1471 1257364975
1445 7223 1277984932
805 21007 1328046880
1589 19965 1341275615
1496 3410 1264038259
1214 1519 1257468649
1555 3888 1272044223
1570 1577 1257594497
1629 1626 1257805480
1643 7200 1282436648
1649 6288 1274737566
936 2034 1259002541
932 3682 1265013115
2893 13824 1302543088
1684 23884 1337734415
1692 1714 1258050168
1020 12059 1294356723
1743 5068 1280312080
1761 2322 1260046616
1779 1780 1258182499
1782 1983 1260499182
1791 3907 1266124261
1810 1796 1258281226
1811 7540 1286271501
1823 1879 1258544296
1825 19860 1338453315
1837 3291 1272235493
1846 1591 1258421471
1865 1864 1258504685
1915 15474 1306795432
1927 6719 1277904378
1928 1987 1258787038
1937 12292 1295378706
1948 1949 1258693508
10273 14559 1303514692
1979 3000 1268291958
1988 4747 1269055682
2014 2711 1261286564
2023 10761 1289517873
946 9292 1284788603
1956 12531 1296114416
2096 4536 1268287942
2099 2102 1259297042
2111 2121 1259390831
2117 2657 1261105208
2122 6710 1278321211
1134 2446 1267138977
2181 7041 1324690239
2223 13967 1301351588
2274 18765 1319562892
2267 23634 1336794961
1930 10220 1288128498
2286 3052 1262918309
1876 3565 1264579543
2259 448 1285884521
1530 7012 1277329232
47710 8197 1339095468
2458 2447 1260407796
2206 22260 1333858710
2474 2509 1260579637
2490 12500 1296090606
2231 2500 1260535946
2515 2541 1260694539
1681 12314 1295448096
96 4005 1297833736
2569 7573 1279167928
2613 17426 1314650406
2628 3156 1268969593
2714 16124 1309574682
2750 2750 1261531008
2737 3536 1267159529
2795 2910 1262281923
2818 16792 1322947654
2693 3453 1264143254
2693 6997 1277263625
2873 2877 1262104994
2878 2872 1262106781
2910 4145 1266798675
2865 2935 1262404227
2865 25771 1345269914
1100 24021 1346271654
389 2974 1262647589
2991 3170 1266366729
2991 10847 1326711533
3005 4076 1285572864
3023 14570 1303360490
3054 5705 1272636416
3054 27437 1350957813
3056 25725 1345062308
3061 14312 1302861324
2285 24877 1341551295
2989 9981 1299083414
3143 7625 1279174137
3143 13321 1302308200
3147 39723 1264004550
3161 5660 1272804339
3156 10901 1333295352
3200 16963 1312532195
3200 25106 1342341626
1735 16683 1311459943
3205 14552 1307662097
2502 18965 1337478175
3244 3287 1263619782
3246 4490 1270001554
3275 4338 1273987857
3267 15826 1308275874
3281 11581 1292808567
3285 3358 1263854583
3118 6361 1275101678
3301 3449 1264134382
3315 4067 1266494431
3314 3598 1264689260
917 917 1263789051
3346 3361 1263855393
1835 3919 1268775724
1835 7671 1338675008
3357 10110 1311657712
3369 14191 1302171954
3096 3675 1265424801
3396 11099 1322494244
3405 23098 1335823378
39723 3029 1273449139
3410 15671 1307575149
3427 1961 1264087925
3454 7685 1280465273
3458 3432 1264153669
3448 8054 1280532002
3460 1537 1308613127
3467 3467 1264314207
3489 3489 1264312369
3492 3508 1264370611
3494 3762 1265249562
3513 16524 1310968068
435 5288 1271007246
3533 5398 1271645775
3186 3186 1281840828
3566 3566 1322513806
3547 5112 1272752150
3551 2739 1264510525
2739 4641 1268815066
3478 27994 1352613368
3574 3574 1264618044
3582 3587 1264653194
3582 3588 1264653716
3585 3590 1264659904
3589 3589 1264656472
3590 1139 1265714987
3613 3605 1264739509
3610 3610 1264812219
2576 24126 1338496206
3645 3671 1264988268
3579 10769 1291683413
3646 3646 1309749097
3649 3843 1265509582
3708 3725 1265265256
3713 20112 1324538224
3725 4635 1268614568
3700 3700 1265164203
3756 8629 1347396847
3787 4357 1267617990
3787 9546 1293610080
3779 18014 1316767886
1378 3851 1265523076
1378 5851 1273052312
3826 1448 1298517347
3855 5279 1270977724
3857 5116 1270330081
3882 4389 1267778819
3887 4092 1266820570
3887 4153 1266835816
3888 4235 1268527802
3899 4436 1267949543
2677 4994 1284496564
3898 4408 1298257513
3919 4718 1269027887
3939 3940 1265886952
3952 2781 1284885779
3960 7456 1296254594
3465 27040 1349546216
3977 6569 1297647840
3977 24173 1341605589
3907 13981 1301995296
4000 76792 1266228070
3318 3318 1315725627
2158 4302 1267408493
2158 3970 1267423279
3816 15933 1308730192
4041 4041 1266406620
4070 3875 1266521699
3875 10709 1289368780
4035 4291 1270447977
4035 5626 1272607542
4092 4235 1267089176
4095 4594 1268525520
4097 4257 1267162311
4097 4267 1267201234
4108 4140 1266769953
4120 8544 1282033890
4140 14850 1304485997
1307 1307 1266868319
4173 25726 1280901043
4005 7373 1278485649
4186 4181 1266958545
4181 4420 1267907920
4200 6985 1280886930
4201 2664 1266993792
2664 8224 1283037346
4205 18323 1317994922
4220 26864 1348883921
4222 4557 1268353057
4267 2189 1299295940
4268 4300 1267394466
4274 4274 1336006630
4280 4279 1267299058
4287 4288 1267313801
4291 5080 1270193387
4076 5689 1272490304
4162 18716 1338622241
4036 24949 1341673367
4324 4949 1293488420
4325 23911 1348067096
4327 2109 1274650956
4342 22206 1331999267
4348 15470 1270087651
4356 11123 1292670973
4356 27499 1351181230
4358 19007 1327003138
4272 4272 1267699905
4363 5536 1272577780
2245 4491 1268111691
4384 10871 1289954604
4481 14812 1318489090
4003 12875 1298588495
4494 11980 1294051757
4524 25275 1343016056
4537 4537 1268526303
4544 15749 1307978449
4477 6902 1276964730
4637 4650 1268678213
4648 29218 1353342748
4669 4734 1268987406
4672 4672 1271905040
4682 5980 1273618563
4685 14328 1305961046
4698 10659 1289243128
4710 19540 1322331946
4676 12952 1298531203
4718 16180 1335531209
4731 22668 1333522122
4624 21711 1340516630
4757 9041 1283789322
2171 4797 1269241142
4783 4904 1269543111
4821 2464 1272736599
4821 14304 1332100812
4853 4806 1269455997
4856 14181 1350847135
4626 5165 1270559922
4837 20822 1332940953
3569 18736 1319457141
4863 8644 1282288271
4863 9669 1295461885
4854 8864 1283175149
4854 9730 1286010687
408 5534 1312505315
4949 11537 1292279901
4963 757 1269763207
4965 16147 1309756705
4972 3926 1269876227
4975 20674 1326850396
5036 5036 1270007639
4990 5683 1275387214
5000 4490 1270004128
5000 5338 1271209725
5001 7494 1288151095
5016 8684 1312744172
5045 7935 1280367043
15470 23947 1343418885
5044 5154 1270532129
3102 5170 1270584895
3102 6334 1275371783
4678 6270 1274713034
5018 6923 1317621858
5108 5121 1270374371
2802 15122 1305481942
4971 6668 1278884198
4367 8615 1330570633
4367 24805 1341089016
5142 27914 1352382372
3886 7175 1277836554
5181 13707 1347030687
5124 13746 1300530037
5124 22789 1334563138
5196 7608 1281548011
5197 5464 1272106377
5200 6726 1278965560
5200 7575 1279080377
5231 5365 1271521977
5231 5678 1277777171
5223 5223 1288012454
5260 5275 1270942781
5069 11897 1297395622
4778 8550 1282070420
5268 6524 1275543908
5282 5357 1275239309
5281 5651 1272356959
5281 27941 1352504644
5313 5319 1271126814
5316 5394 1271376145
5316 5344 1271383353
5312 10322 1340330122
5339 12484 1309493757
5363 8592 1282674700
5407 10218 1287644307
5431 7283 1278123241
5417 13753 1319456375
3849 7870 1279935623
5469 5286 1271728453
5473 19201 1321105319
5486 5633 1272328376
5499 5314 1271922064
5519 23873 1339428843
5534 17111 1313185730
5523 5523 1271984503
5566 5551 1272008151
5566 26077 1346341659
5572 8733 1292741074
5611 10711 1289374433
5609 9689 1285896246
5633 5639 1272332905
5646 5653 1272362579
5654 5637 1272367698
5675 5674 1272427386
5526 6821 1276638479
5700 11297 1291438577
5700 7247 1296356135
5709 17304 1314030920
5715 7518 1283876940
5731 12596 1296340270
1894 6515 1281562581
5768 5768 1291402068
4221 6301 1334448272
5794 22313 1334728259
5802 5807 1272951245
5802 7391 1278532162
5822 16698 1311553637
5827 5825 1273017361
5860 14155 1303546601
4555 8403 1281955586
5360 6524 1275630643
4701 10673 1301963246
5938 6992 1298705215
5945 5950 1273282803
5945 7227 1277974960
5960 5934 1273343293
5924 15589 1307229307
5973 12695 1314737087
5986 20430 1326002588
5706 2063 1315640422
5998 13969 1302653328
5993 5766 1273523675
5736 5548 1273557905
6031 6126 1274056712
6031 6040 1275151423
5724 12295 1295410836
6040 8065 1282093178
6066 10639 1295643997
6082 6082 1275596480
4282 4282 1273866962
3213 5988 1273935387
6104 8610 1282209105
6104 10547 1323607092
5723 18915 1320095476
5723 21049 1328104892
6159 25468 1343872261
6167 6166 1274243745
4535 16859 1312213016
6183 24541 1340064891
6187 6187 1332345219
5428 19682 1322864369
6235 6223 1274491446
6248 152 1275077134
6249 9853 1286530553
6254 6254 1313634629
6259 12987 1297799244
6266 6563 1275714938
6277 6517 1275617934
6141 6141 1274746032
6290 4571 1274749805
4037 18505 1319592804
1055 17458 1324099626
6324 5977 1274903402
6327 6326 1274895706
6330 7041 1342846030
6334 8012 1280416352
6343 6369 1275046618
152 13062 1298063165
6366 6388 1275076275
6381 6320 1275064179
6320 1720 1275713922
6389 15877 1308745451
6418 6398 1275159649
6398 6459 1275361325
5357 5883 1276474854
6433 6475 1275424397
6441 6435 1275276665
6466 13059 1299170962
6476 6483 1275443343
6484 6655 1276027684
6500 14091 1314242148
6500 27264 1350334292
6496 24435 1339656165
5795 17768 1316426398
6550 4608 1276924216
6550 10096 1287243073
6549 6557 1275702981
6382 19414 1321860830
6382 17761 1321865633
6576 6576 1275840907
6577 9666 1285858045
6577 12379 1316280261
6210 6634 1275939099
5538 16193 1318280763
6634 27549 1351276582
6594 9611 1349933990
6673 7685 1280483069
6701 13834 1300982814
3441 7589 1279092180
6714 6714 1276289164
4526 8208 1304127759
4526 27564 1351287396
6751 8188 1281054688
6751 3896 1281736828
6757 6757 1282884745
6750 6778 1276433257
6750 6863 1276797800
6774 7126 1315022709
5610 13062 1298063737
6801 22073 1352353609
6645 6645 1276562713
2416 8393 1281577749
2525 14662 1303750820
2525 11632 1312354442
6847 6847 1276732456
6882 1669 1298595278
6903 6906 1276932963
6903 10833 1326027454
66825 66825 1304946506
2048 2048 1332635738
6854 5790 1277140831
6858 17111 1313390811
5790 9107 1284065354
6923 7909 1280809135
6961 12968 1347847415
6966 6975 1277312010
6985 7386 1280870884
6992 7177 1277859425
3988 7772 1289613804
7012 7058 1277412835
6892 7036 1277353028
6892 25712 1349289155
7015 14157 1302059019
7023 4954 1281044576
6137 6137 1299215082
7028 6853 1284678374
7053 7142 1277763417
7057 8638 1282284557
7043 7647 1292059159
7092 6994 1280553466
7106 17614 1315410131
7101 7129 1277711133
1907 23106 1335084954
7177 8702 1282597564
7165 8424 1281657115
7205 7072 1277981992
7231 7229 1277982583
7239 7239 1278551063
7266 7218 1278070889
7218 7377 1278477146
7257 4392 1278448042
7262 7325 1279325446
3428 7203 1278186202
7320 6922 1278335618
7320 7625 1279173968
7364 23267 1335555180
7238 12105 1334191530
7360 7360 1278444788
6949 30412 1346268205
7170 1667 1283064316
7422 7422 1278626688
7330 6715 1278865052
7330 22962 1334636071
7383 7383 1278646700
7258 7477 1278740972
7461 7467 1278712872
7499 10763 1290275317
7512 7510 1278983998
7520 3027 1278988283
7126 7527 1278982711
6771 25383 1343491679
7591 9858 1288381563
7591 25139 1342512850
7632 8596 1282171259
7632 23865 1338555673
7021 15017 1307407879
7021 20913 1328483101
7647 7683 1279340607
7641 6300 1279260996
7641 8056 1280543350
7695 7646 1279584718
7695 3512 1279387383
7705 20321 1325542673
7727 7726 1279510858
1816 7686 1279549310
421 28172 1353215894
7765 23862 1352415528
7780 8208 1303738484
7780 11670 1305665622
7792 7890 1280126672
7692 2592 1279897610
2592 7861 1279899958
7821 7817 1279798517
7834 8789 1286233562
7842 7842 1300426068
7875 7875 1280118420
7891 7890 1280059597
7895 17503 1349018193
7914 21389 1329242699
7911 7929 1280214534
7931 7878 1280250584
7779 23122 1335218620
7967 26746 1348496403
7993 7428 1280372851
7990 16438 1308613249
8015 8275 1283105003
8004 12947 1297592133
8019 10043 1287082372
8041 15396 1306482615
8092 8112 1280808178
8047 39719 1283625326
8047 9024 1297980001
8112 25414 1348146179
25726 13948 1301274229
8135 25861 1345679174
8161 15365 1315276769
8161 25863 1345685068
8168 11186 1291160161
8188 16959 1313101893
8196 13396 1299290848
8224 5837 1284531653
7983 7983 1282391675
8234 8214 1281272919
8239 8347 1281522355
8239 8509 1282178535
8253 8274 1281391164
8275 9006 1283597611
8294 10223 1287656907
8333 7276 1281482316
7276 19369 1332106272
8341 23827 1344337058
8368 8361 1281513991
6518 10516 1288736097
6518 13242 1298681820
8380 26672 1352560757
8391 8969 1283477298
8391 24633 1340385422
5793 8062 1281630160
5793 15775 1308802437
8432 8523 1281963120
8432 4106 1287098278
8431 8399 1281704220
5593 8519 1282090709
5593 10577 1288943151
8447 8447 1282157610
8479 8550 1282071742
8358 20021 1324216371
8482 5587 1328208138
7747 8187 1281938047
7747 7991 1283078471
8187 22215 1332093906
8519 7777 1282092370
8565 8614 1282218299
8579 8585 1282153012
8601 8599 1282184984
8604 12395 1295738755
8003 18730 1325125684
8628 10995 1290380868
8636 9785 1286243820
8642 8642 1282431953
8694 8712 1282531501
7108 7108 1339437016
8128 8720 1282555637
1667 8193 1283423728
3519 24726 1340761043
1556 1556 1303256036
8788 8744 1284388293
7991 25610 1344518404
8797 19823 1323401616
8797 26848 1348863314
8721 14548 1304788018
8802 8905 1283270379
4373 17426 1314502835
8798 25763 1345257531
7443 23457 1336174113
8786 26248 1346948436
8736 7790 1285167205
8875 8850 1283320498
8882 8885 1283191689
8883 18693 1329927280
8850 9017 1284076955
8933 8933 1283362723
8940 8952 1283405733
8193 27459 1353053593
39719 6570 1285255755
5295 9057 1288486466
5295 16705 1311576117
8965 13284 1334245707
4106 9535 1287284404
8987 8984 1283550461
9002 9008 1283613381
8995 8995 1283741765
9014 16080 1309361996
9028 2660 1283786090
2660 14918 1304797865
9046 14809 1304307805
1673 5958 1283803269
4433 5738 1336169407
4433 27504 1351058762
9017 15545 1307072920
9124 11632 1303501589
9126 9123 1284098125
9139 9149 1284189216
9139 14661 1303749106
4903 11244 1291289453
9172 9202 1284397695
9187 12952 1326088824
6570 11556 1292359399
9220 9223 1284493854
9114 11255 1291320055
9232 9232 1292473374
7979 18384 1320073297
9246 11651 1292647553
9237 9338 1284853068
9305 14213 1302248702
9305 13475 1304687727
9154 18823 1337124725
9301 9266 1284805057
9332 15484 1308057448
9253 10850 1290006839
9347 10943 1296645374
9354 9372 1284971697
9355 9679 1285892255
9355 9838 1286400209
3655 9369 1284961668
9379 8870 1288900896
9379 19369 1321686373
3447 8894 1285052325
8894 13639 1317365245
9404 14763 1304051639
9386 13467 1299830405
9386 15027 1305152629
9431 9721 1285985878
9462 9459 1285244781
9459 9527 1285536277
9468 9470 1285273581
9455 4165 1292015700
9486 10435 1288870746
9486 14121 1302184516
9504 19906 1323749434
9523 9523 1285678023
8363 7987 1295309469
9569 9625 1285798135
8974 17550 1314997622
9661 27760 1353443128
9714 13618 1300051327
4019 9732 1286016601
9769 12835 1297231609
7540 9525 1286233115
36067 17121 1315554610
9792 9798 1286261863
9776 5738 1299170423
9776 18505 1318818823
9810 9807 1286318006
9800 21208 1328649551
9818 9835 1286392631
9836 9836 1286407937
9094 10977 1290299203
9823 9869 1286486033
9024 10258 1287788396
9899 12047 1294296372
9926 9968 1286880671
9932 9680 1299218892
9712 9951 1286835277
9952 9913 1286837398
6588 7611 1288240478
7576 12450 1295926330
10007 22001 1352032927
10050 10052 1287060892
10052 17029 1347033646
10032 10075 1287128341
9565 18492 1318527268
10075 15661 1307781835
10083 12390 1326531472
9667 10097 1287247813
10106 7837 1287288735
10106 6527 1287810349
10112 10104 1287295483
9458 12234 1297883599
10118 10124 1287342393
10128 10128 1288324179
10155 10193 1287582888
10189 10386 1288250687
10221 7494 1287701361
5896 11837 1293438015
5896 13244 1301860701
9779 10258 1287810192
9858 20484 1326254579
10269 10269 1287978714
9842 7448 1310076182
9842 14744 1316167945
10286 23440 1336113118
10299 17719 1315692249
10204 13520 1299676445
10350 10350 1312155204
10317 10343 1288125498
10322 26684 1348235601
10327 10954 1290200264
10331 19191 1321057352
10381 10381 1288329085
10453 10402 1288489785
10461 10461 1288656956
8784 13378 1299153004
8784 20035 1324211956
10549 10555 1288862837
10539 10539 1288903640
10570 11964 1307159178
5115 10611 1289071724
10613 9612 1351332782
10614 10609 1289084142
10614 10706 1289351071
44797 22733 1350887320
44797 27430 1350887364
6793 9793 1292337605
10679 16989 1313433540
10708 24935 1341972376
9003 9003 1299601385
10758 7530 1322840384
10745 10799 1289652536
10745 10578 1290108949
10728 10728 1289616065
10814 27151 1349933840
10749 14576 1303397811
8162 10861 1289914005
10876 10917 1290083045
10876 10933 1290141209
10857 10887 1290042916
10931 10931 1290137632
10792 11191 1291136457
10792 22119 1331675172
10547 24766 1341006208
10951 10951 1290262602
10945 11268 1291354864
10945 11322 1291562000
10251 6429 1318999211
11019 15693 1321661413
11031 11031 1327619364
11030 11030 1291331771
11043 17565 1319511704
11071 17160 1313433405
10602 19706 1322972509
10602 18108 1322973192
10111 12998 1298095903
11094 20033 1332199705
8084 11116 1290927804
8084 12981 1333080078
5263 25840 1346477851
5263 23935 1351483179
11131 11131 1291191312
11163 11163 1291132632
11172 11177 1291092274
2056 19964 1330739597
11206 13935 1321767698
11220 13437 1299415373
10712 15872 1318985664
11230 11230 1291315236
11291 8707 1311455553
11264 37099 1325567203
36720 13000 1302311028
11317 11317 1297170520
9581 22973 1334744022
11124 20037 1324219906
11361 12409 1296660637
11361 15828 1309340684
11390 4700 1291775334
4700 17490 1314756839
11409 44243 1322201443
11414 22873 1335671738
5587 24338 1348993601
11449 24527 1340384458
11218 18305 1328530056
11218 23240 1335788025
11484 11484 1299890744
11498 11522 1292182704
11538 11538 1292289044
11556 10663 1292320664
7409 11575 1292401998
11554 9612 1294830519
11583 11583 1353413291
11588 11601 1292469356
11595 26388 1347383429
11629 12965 1297669874
2019 11630 1292571695
11670 17644 1337048448
10001 13024 1297927442
3776 3776 1292801780
11721 10670 1296594179
11745 15573 1307141962
11761 11730 1293006329
11662 11764 1293017002
11796 10061 1293153023
11800 8941 1293175052
11830 12132 1294675507
5792 5792 1293433599
11821 11838 1293405702
11846 20196 1348030223
11850 15465 1306770675
11850 16352 1311538374
19943 19905 1323868895
11247 22662 1334536051
11947 20323 1325548857
11974 11970 1294083332
11996 11897 1294121936
12032 12032 1294699341
8202 19881 1331962767
12082 18131 1327138883
12057 17489 1314931599
1992 28172 1353406931
12111 12111 1294572718
12126 21317 1328990537
12103 20103 1330037702
12103 23189 1335346187
11608 6770 1296321286
12170 14200 1308310159
12146 12146 1294909226
12204 5831 1296764297
12213 12036 1295041191
12223 12223 1330480492
11877 10316 1299403749
12187 12409 1298539860
6542 15308 1321313544
7690 14053 1301616495
12064 17986 1316744331
12249 12650 1296536727
12260 13250 1298714807
12260 13147 1298853029
12274 12277 1295341660
12274 17013 1312816965
12336 17987 1316655608
12377 12380 1295629038
6761 12799 1297119510
6761 27876 1352279019
5831 25983 1346075687
12366 12389 1295671077
12397 12309 1296104648
12410 12714 1296809456
12390 12361 1295820325
12466 13906 1301092780
11898 12487 1295991268
12487 22580 1333565066
11046 22490 1333073487
11059 12723 1297126263
10670 25400 1343795141
12520 12519 1296080912
9804 14974 1334264846
11976 11976 1296154727
7718 7718 1317456167
12558 21979 1331335673
12591 12591 1296376210
12606 12606 1299301006
12631 23648 1340859975
12662 12662 1296577263
12676 12679 1296651104
12699 12041 1297966650
12706 9516 1309271804
12706 20674 1343349099
12710 12714 1296807600
12735 12734 1296873221
12647 19142 1344033315
12761 12840 1297308044
12763 12759 1296993795
12774 25258 1342899561
5017 26261 1346972043
12723 12693 1297253105
12751 16855 1312982272
12823 21626 1329958143
12824 12860 1297317447
12824 26522 1348095373
12847 14335 1302697829
10828 23115 1335096006
12877 12875 1297364820
9156 24542 1340071819
12907 12929 1297543155
12907 13091 1298214784
12844 12928 1297538326
12932 12931 1297554019
12987 12986 1297794900
13006 13038 1298013130
13015 13015 1297967074
13027 16750 1314781184
13038 22098 1331587660
13008 13064 1298068560
13072 13085 1298145871
13078 13078 1298991521
13074 21067 1328177819
12039 12039 1301193811
13108 17100 1313240512
13108 20870 1334318287
13107 13107 1299368027
12653 19664 1335569849
13144 13145 1298344938
13150 13154 1298368670
13160 13158 1298394162
13173 21374 1329542378
13189 13184 1298511854
13199 13121 1298518645
13215 21483 1349493541
13249 13247 1298693700
13245 19836 1323673023
13263 13341 1299063465
13263 14574 1304850006
12383 13486 1299636822
12383 27381 1350671517
13151 13615 1300046481
13151 11661 1323515686
12563 13307 1298958704
8379 7816 1333370480
13278 13277 1298828784
13279 13279 1300196513
13292 27235 1350499765
11938 18334 1322176540
13358 18960 1320252615
11661 22892 1334371020
13393 16846 1312127639
13402 13394 1299262000
13420 10148 1299307792
10316 13881 1301024728
13447 13447 1299532023
13464 13464 1330327441
13475 16704 1311574253
12879 14124 1302118868
13481 14771 1304801929
13489 13488 1299569572
13488 15331 1349040339
13508 13508 1334980698
6429 15821 1333495533
13547 5546 1300980534
13550 13550 1299827715
13611 13608 1300013166
10482 15696 1308080564
13663 13413 1300221330
13679 13673 1300264758
13673 14009 1301456767
13289 24313 1343354012
13718 19835 1323439466
13738 13737 1300461901
13741 21171 1328554780
13751 13755 1300517371
13726 13816 1300785368
13816 5661 1307049969
13799 13824 1300819747
13827 18546 1318659722
13827 20631 1327984687
13838 10777 1300856325
13842 21711 1337019787
13842 14802 1337020382
13863 19111 1321007017
13863 16646 1337244040
13881 13890 1301025668
13898 17926 1316470295
13913 13915 1301112330
13927 13331 1301185978
13331 15640 1307491122
13922 13922 1301300368
13948 14013 1301474959
13959 13960 1301336552
10304 13984 1301406386
13000 13978 1301390998
13941 13941 1302438751
14049 13983 1301573427
14056 14053 1301601483
13753 18805 1319680647
14074 16530 1311020314
5152 5152 1314510315
10443 16894 1313103941
10443 18141 1317699386
14123 9065 1331459553
14148 14702 1307832676
14147 14157 1302059537
13363 17271 1313890524
14161 14156 1302062541
14155 17764 1316593735
14187 14241 1302462794
12640 18974 1330294230
14253 14114 1302484256
14255 14260 1302517034
14322 14325 1302679523
14324 14712 1303910437
14324 19989 1324000556
14340 13506 1304765509
14340 15424 1342947581
14127 14127 1302757212
14359 17945 1316671870
14371 14476 1303126401
14362 15358 1306375967
14385 14848 1331087359
14312 14485 1303169470
14436 14436 1305152600
14442 14437 1302975645
13384 15597 1307402217
13684 15445 1306701904
14468 14464 1303086310
2026 13874 1303139980
14481 14509 1303223076
9481 14561 1303347221
14510 15423 1306593704
14512 22232 1332123260
14514 14514 1318380046
14546 14541 1303311703
4814 22247 1332194197
14552 23548 1336600642
14107 16315 1310334286
14454 14454 1342078574
14593 14711 1303894881
14621 17077 1313036019
14624 14626 1303615442
14626 24762 1340877135
14628 14993 1305666644
14628 22073 1352276239
14632 14644 1303625799
44243 27773 1352132816
14664 14663 1303754311
14163 18578 1318842213
14667 18115 1317254282
14694 14361 1304524973
14712 14417 1303919631
14716 14288 1303964473
13373 13373 1304211580
14753 6325 1304031209
6325 24417 1339616702
14743 14361 1304483927
14794 19784 1323757359
14441 17735 1315807933
14788 15295 1306116745
14809 19576 1322547444
14705 14816 1304279237
14878 22342 1332490527
14878 23345 1335843075
14689 12781 1304943437
14896 14098 1304635089
14916 15254 1305929961
14940 2197 1305066165
14958 15040 1305190329
14961 19199 1321078443
15021 15021 1305994555
15031 15794 1308161651
15032 22635 1342851305
15020 15020 1305230271
15058 16395 1310522983
15056 26931 1349228540
15111 15118 1305461548
15112 15110 1305429950
15133 15133 1305556452
14708 32332 1306340395
15265 13736 1305990370
15274 15274 1306008389
15247 18116 1322786164
15311 16058 1309288089
15379 15427 1306690010
15385 15385 1336008966
15404 15404 1307402883
11773 17212 1313628984
11773 27941 1352605191
15331 15417 1306562820
15440 15435 1306688049
15443 12135 1306698315
15457 18317 1317863358
15463 15479 1306817087
15477 17787 1316023035
15488 21962 1331176420
15488 27013 1351830503
15486 25102 1342228641
15484 13554 1307695409
15493 16478 1310749339
15482 21701 1333027984
13562 15520 1306963581
15242 15242 1339199232
15544 15525 1307062146
15525 16113 1309564167
27140 26353 1349900912
15017 16280 1310031692
15638 27385 1350671461
15642 12436 1317871345
15388 17513 1339909758
15688 15555 1307676153
15478 24580 1340792581
15728 17277 1313909121
15632 17927 1316473500
10972 15696 1307925609
15752 15820 1308586717
15752 15914 1308668031
15615 15615 1308014901
15765 1199 1322239983
15785 15798 1308173027
15792 12400 1325257772
15672 24565 1340159407
1043 15813 1308256895
15777 15777 1308296562
15630 19146 1320893019
15828 18961 1320357611
15841 15839 1308322192
21125 21125 1328402729
15869 15863 1308448714
15882 16103 1309474104
15890 15890 1308535170
15918 15918 1308755119
15921 16910 1312338881
15931 15928 1308723110
10833 22943 1334605517
15951 1981 1309376631
10646 17721 1315701739
14744 19206 1321141814
16012 16012 1311631066
16036 17203 1313617524
16036 17522 1314889376
15429 15429 1309231625
16049 22111 1331847782
16044 16044 1320533345
16064 16066 1309302931
12425 16120 1309595661
12425 16996 1312703450
16023 16023 1309368018
16087 11040 1315487923
16132 16287 1310056217
16132 18678 1319167923
16203 16142 1309947930
16117 27365 1351364538
16275 16260 1310014641
16325 16317 1310228583
16325 22677 1333755121
16323 16323 1314623695
16343 15326 1310691429
16343 16549 1311045189
4315 16600 1311284432
16386 16348 1310505489
14246 10986 1310516813
16389 17228 1313696321
12637 21505 1336590292
16082 16082 1343673794
16425 17682 1323051611
16428 16428 1311296194
15684 16480 1310760559
15684 18420 1318341549
15289 22885 1334345065
16494 25179 1342564646
2246 19429 1321917509
2246 19373 1321928271
16511 16529 1311020195
16529 16571 1311112812
16530 17082 1313074418
16537 22980 1339207131
16561 16013 1311076569
16571 18855 1319995490
16554 10776 1332892051
16548 16548 1311218411
16575 16575 1311298683
14319 14319 1311331592
13883 13883 1311390538
16669 16669 1311567506
16673 16689 1311498611
16622 16859 1312184066
15046 16767 1312576069
16738 16739 1311736328
16758 16758 1312409867
15280 17217 1313661502
16757 16757 1312077157
16761 24604 1341828074
16801 23115 1335094653
16144 16813 1311978371
16809 18969 1321775719
16823 16399 1311994498
14304 16842 1312128659
16882 21710 1330502510
16883 25947 1353281260
16887 16900 1312321202
16923 16924 1312392151
16923 16925 1312394579
16934 17332 1314301171
16934 18011 1333569046
16948 16505 1312476660
16872 16447 1315298417
16952 16952 1312557674
16972 16972 1312576308
16940 16940 1312770193
16686 16492 1312790934
16969 16969 1312832870
17016 6084 1312883127
17016 17054 1312981319
17008 17008 1312936182
17035 21704 1330217327
16937 5679 1318452882
14492 16155 1313102683
17079 17087 1313117944
17098 18431 1318305665
17098 19391 1321771276
17104 17069 1313132223
17073 24202 1338789940
17050 651 1327758670
17128 16637 1313282286
16939 16939 1315167326
17218 10135 1313662490
17218 17277 1314796368
17300 17300 1314136780
17306 17306 1314174616
17325 17345 1314146968
17255 25766 1351377434
17332 17423 1314465573
17349 17360 1314217456
17360 18154 1317324573
17353 17353 1314248052
16750 12904 1319694021
17417 27574 1351311533
17422 17422 1314807126
17441 13704 1314544555
13704 12400 1324256308
17443 17443 1315025197
17456 17598 1315236725
17476 21690 1332243036
17362 17362 1314731456
17497 17495 1314774971
17492 22456 1332921290
17502 17452 1314788950
17452 16845 1314811800
16845 22601 1333437527
17539 17536 1314945303
17253 26620 1348017366
17551 17551 1315436167
15539 21253 1328798835
17596 19649 1325374557
17596 24987 1341805206
5900 18606 1319007377
17614 15332 1324003050
17545 17545 1315688942
17705 17701 1315632183
6263 26361 1347332040
16675 17791 1316019471
17798 17798 1316209313
17807 17802 1316066678
17802 17803 1316110140
11555 9031 1316083381
17846 5505 1326888896
17846 22278 1332332254
17880 17878 1316281190
17888 17888 1316418085
17907 18041 1350171930
17907 23501 1353484307
14499 17923 1316465046
17734 25080 1345828070
17734 24165 1350978249
17945 20353 1328141041
17956 17294 1316554193
17980 18107 1317888394
17994 18006 1316741741
2647 2647 1316799830
17879 18373 1318107503
18025 18012 1316814784
18051 18051 1317021470
18064 18064 1317034517
18072 13947 1317063161
18077 18079 1317094421
18077 19772 1323227264
17193 20673 1326845770
17193 9101 1343702329
18078 18115 1317213814
18116 19355 1337267370
16215 14393 1337566579
16215 22694 1351089104
18168 18163 1317347129
18181 19254 1321309623
18184 21743 1317499573
18204 18353 1318002228
18241 18237 1317608429
18256 22476 1333037248
18291 22224 1332088863
18313 19265 1321319865
18382 18381 1318120484
18376 18376 1318129855
1997 18503 1319515021
16193 19985 1323986328
18425 18441 1318320660
18446 18446 1318360084
18465 18662 1320874643
11528 18450 1318456331
18478 12750 1321002720
18503 22010 1331310863
11859 22029 1334940289
18534 18579 1318853615
18571 18645 1319051622
18571 18951 1320212554
14895 19282 1321480024
10927 10927 1318956863
18449 18449 1318959982
18630 18626 1319008914
18642 18642 1320165422
18662 16371 1329275335
3072 22829 1334613586
3072 25781 1345337371
5429 11978 1319397199
11978 20085 1324420385
18729 18755 1319772592
18749 27712 1351883942
18757 22001 1331287355
4566 21237 1328756415
18818 18861 1319844173
18836 19145 1320889627
18839 20136 1324640053
18889 20803 1335895171
18939 20597 1346146744
18965 24644 1340414508
18996 18995 1320353573
19045 11599 1344202978
19047 19209 1321147158
19063 18894 1320646879
19063 19624 1323067968
19084 19083 1320700712
19083 19085 1320703335
19115 19150 1320897292
19132 19152 1320898080
19129 41060 1351016411
19184 19184 1321130612
19203 16131 1321112857
19278 19278 1321364848
17828 17828 1343245751
11733 24393 1339538103
13284 22662 1334212962
18349 25035 1341997142
19318 21636 1329965423
16054 19500 1322195666
19334 19356 1321658055
19334 21005 1351505073
8106 24547 1344928092
8106 27360 1350639411
19350 14214 1321632037
19378 21528 1330216309
19394 19654 1322782303
19444 20746 1327650289
18228 19438 1322105345
18228 23247 1335578794
19534 20850 1327449813
19545 19545 1322460664
19493 20015 1324105552
19493 22917 1334544805
19639 24586 1348242021
11791 20646 1326873055
7530 19926 1325866228
19693 19697 1322885918
17875 11546 1329651912
19706 73942 1331554481
19367 25260 1343454568
11546 27656 1351550447
18938 27853 1352202541
19753 19643 1323141173
19643 31339 1323166644
19582 24236 1338930485
19774 22712 1333783609
19822 19822 1323451408
19874 19874 1336953496
19889 17898 1323941955
19597 19597 1323815343
19929 21676 1331062873
19929 9870 1334952118
19965 18592 1324200797
19969 22773 1334006379
19969 23323 1335766678
20005 21405 1329360361
19945 20137 1324648582
20063 20086 1324410198
20070 19076 1324342669
19637 20497 1326330843
19637 22023 1331335364
20073 17528 1324346903
19008 19008 1327571841
20027 20027 1325784926
20114 20111 1324541860
19731 21069 1328233934
20146 19730 1324716347
16380 20258 1325305102
12766 17623 1325010168
20208 20212 1325046272
20254 20247 1325191660
20260 20255 1325206964
20341 18798 1326750397
20341 20777 1327184063
17822 22425 1333468251
16139 20404 1325900170
19938 14925 1340198515
20417 18942 1329234430
20458 20458 1326180344
20506 20867 1327471986
20626 20629 1326752038
20696 20716 1326942571
20696 20778 1327164311
12651 21100 1338904742
20732 20806 1327612519
20521 20631 1327023132
20754 15919 1327096643
20752 20752 1327097876
20768 22247 1340686910
20793 27052 1349574754
20746 22475 1333346945
20804 25889 1346736562
20823 20833 1327376062
20833 36572 1336347226
20852 20812 1327423334
17896 22293 1334094091
17896 27562 1351265723
20870 20869 1327478015
20886 22343 1332490806
16716 20922 1327681493
10028 10028 1327663606
20919 20919 1327665464
20887 20887 1327756328
651 27020 1350214302
21002 13980 1327990668
21019 21007 1328020997
21025 21020 1328033168
14207 14207 1328092842
20982 20982 1328139520
19593 29276 1353482980
14006 22088 1342068424
21075 23898 1337793000
21082 21070 1328228181
21083 21115 1328325437
21083 21295 1328927773
21028 7183 1341914586
21122 21146 1328465513
20026 17704 1328504322
20026 23876 1337722039
21162 27020 1352205086
21162 27969 1352522452
21163 21152 1328550183
21152 20809 1328951171
21183 21182 1328577961
20639 26834 1348810321
21202 21233 1328740050
21230 21230 1347637532
21242 21242 1328842008
7717 7717 1351495890
18044 27497 1351049809
21258 24907 1341516126
21302 21302 1330324903
21194 21194 1329098293
21374 21479 1329514862
21428 21030 1329345456
21428 22718 1333814987
21435 9164 1329500007
20740 21445 1329432888
21480 21504 1329588414
21491 24912 1343846615
21452 21452 1330309389
21494 22369 1332601918
21494 24403 1339570673
21498 21557 1329719369
21536 20798 1329676422
21538 21545 1329701319
21576 21680 1330126276
21601 24461 1340313500
21622 21621 1329946967
21619 21759 1330408619
21665 36655 1330267022
21665 22085 1331528737
21675 21675 1330380302
21692 21687 1330185270
21700 21700 1349453982
21734 22500 1333068171
21765 21793 1330527982
21785 24024 1338212028
21787 21671 1333808747
21787 25341 1343279471
21793 20284 1330522772
21817 21733 1330586868
21733 22325 1332473690
21825 22022 1331331620
21966 21966 1331480358
21979 14202 1331232429
21995 21969 1331287256
11444 24053 1338291625
21999 10747 1331833993
20099 22024 1331338202
22029 22027 1331393566
20561 20561 1331496610
5697 27201 1350121413
9065 28074 1352880069
14925 24727 1340759238
22083 22080 1331527221
73942 22141 1332372885
21810 25730 1345210344
21925 22196 1331957326
21864 20568 1341014304
19421 22553 1333264275
22094 22295 1332361704
22157 21753 1331845521
22157 24208 1340751508
22167 20568 1331862814
22186 22156 1331932491
22191 22199 1331961245
22201 27056 1350818900
22204 27590 1351369301
22150 21399 1332066476
22237 27659 1351553987
22250 22349 1332200123
21265 22252 1332208618
22260 23737 1337140576
22256 21429 1332516994
22279 22279 1336624466
22278 22556 1333277615
22268 24139 1338542186
20781 20781 1352967759
22152 22152 1332456400
22294 22337 1332475147
13653 25811 1345551438
13653 26503 1347653028
22368 22733 1333854761
22368 23008 1335075248
15187 22376 1332761289
22450 14218 1332904852
20325 22451 1332910397
22492 22721 1333808401
17599 20931 1333059803
22496 22553 1333551801
22501 22510 1333088469
22503 22497 1333070210
22503 27232 1350264041
22523 22522 1333139096
20840 20840 1333350467
22561 22561 1333384471
22625 22625 1333567659
22326 24501 1339949344
21868 24644 1350536865
22663 22663 1333622934
22669 10724 1334835506
22447 22385 1333751826
13946 22700 1333751216
22748 22639 1333907890
22748 22769 1334903888
22727 23959 1339479395
22008 23327 1341738757
22802 22802 1334321917
22830 22829 1334189700
22833 22851 1334252714
21652 21652 1334558119
21332 21332 1334369683
22906 22865 1334440006
22907 22916 1334474008
22917 24433 1351252971
19510 22969 1334677754
22977 22313 1334696770
22972 22972 1334843025
23007 22761 1334774114
22984 23150 1335218550
23021 23018 1334797732
23034 23034 1335403827
23075 23083 1334968750
23022 26361 1347677297
22216 27431 1352162175
9479 9479 1339698138
23204 23204 1337782102
23149 23149 1335212235
23200 23181 1335374427
23194 23194 1337348066
13092 10448 1346498377
23229 23238 1335486906
23237 23740 1337152034
23222 12586 1336434494
23327 21641 1335785275
21641 23773 1338224162
24703 24703 1340691692
23398 23397 1336005824
23297 24541 1340144319
8537 8537 1337143342
23520 23523 1336448470
23534 25904 1345778878
22967 22967 1336672252
18289 23542 1347349530
23584 23582 1336632896
13360 19506 1339025128
22338 24446 1339689857
13729 23709 1337041446
13729 23843 1337574098
23028 27690 1351615404
23028 11674 1351763090
21201 27279 1350357848
23578 24333 1339488135
23778 23778 1337395321
23804 18264 1337414531
23812 22572 1337446909
18308 23810 1337481492
23661 11684 1348438049
23850 24267 1339034603
23856 23855 1337637934
23870 16666 1337697775
23915 23915 1337855770
23762 23948 1337962799
23935 12218 1341638159
21553 21553 1348707723
23959 23998 1338124281
23982 24016 1338178527
23991 23986 1338099630
23993 24682 1340609557
23998 24019 1338205141
23976 24035 1338245525
24048 24042 1338274389
24074 23164 1338349466
24076 24333 1339485128
24043 24112 1338442013
23944 23944 1338521438
24144 24144 1338567033
22741 15052 1340124863
22741 25384 1343490193
24165 10146 1349652514
24248 24228 1338965960
24228 14536 1340927513
24021 26178 1346730920
23373 24360 1339483006
23373 24408 1339601663
24360 27365 1351307669
24383 24379 1339513173
21278 24430 1339690130
24309 27882 1352396304
24396 24396 1339710304
24401 15004 1339558109
24403 24299 1339566359
24444 24430 1339688840
21574 25266 1345871055
24460 15114 1339720965
24478 24819 1341176609
24492 22345 1340254437
24502 24715 1340811339
24527 24576 1340202597
24542 24646 1340416707
24547 24853 1341311301
22345 24707 1340755410
24611 24611 1343223679
24338 15540 1346036218
24442 26082 1346366670
23907 23907 1346764690
23835 24883 1341876850
24640 24636 1340404501
24641 12081 1340738024
24645 24670 1340570129
24661 24711 1340776966
24669 26585 1347924844
24700 24695 1340680288
24713 11949 1340891177
24769 24769 1341010586
14111 24994 1341829820
14111 27231 1350262750
24796 26517 1348288533
24820 24274 1341269970
24274 25047 1342040345
24844 24843 1341277089
24864 27552 1351242807
24604 24884 1341406036
24872 24872 1341730637
24978 24980 1341773179
24979 16941 1343413605
24993 25954 1346055590
24999 25004 1341870948
24999 25325 1343231239
25011 24901 1341887179
25017 18498 1342204133
23917 27530 1351206630
25033 23013 1343278194
25080 25494 1349162970
25091 25091 1342832264
16035 16035 1343332812
13762 26296 1347134127
25099 25099 1344031235
25101 25244 1342833382
24952 25127 1342386452
25146 25184 1342577665
25156 25166 1342505850
25160 29241 1353397301
25179 25207 1342667475
25194 25194 1342592244
25209 25209 1342740049
16419 24392 1342691338
25247 24854 1348485735
22599 22599 1343008530
25312 25097 1343175801
25322 27111 1349819079
25243 25248 1343379361
24313 25490 1343968685
25260 16533 1343376048
25390 26052 1347397109
21014 25998 1346142520
25358 25932 1345865095
25452 25452 1343796944
25329 25458 1343833254
25458 25465 1343862966
25476 25460 1343894922
25486 25455 1344237476
17086 17086 1344172638
25484 25552 1344272969
25105 25497 1344053487
25530 25560 1344299224
25565 38434 1344313970
25580 25580 1344460225
25585 25585 1349329835
25602 25602 1345144521
11841 26226 1346939902
25770 25772 1345282350
25770 25775 1345292247
25799 26202 1346795156
25807 27220 1350711498
25807 6999 1353061604
25852 25935 1345871754
9271 11527 1346427109
25956 25954 1345992139
25947 27494 1353461962
25985 24787 1346077655
26017 26017 1349032347
26009 26030 1346250597
26041 26354 1347297692
23542 24586 1348065953
26080 26080 1353195806
26137 23016 1346549670
26152 25665 1346617704
26200 26194 1346793942
16445 16445 1348602031
26300 26291 1347104057
26059 17509 1350009562
26397 26400 1347401343
26459 26726 1348546528
26486 26486 1347616087
25051 27188 1350101864
26520 26375 1347683629
26375 26722 1348381298
26522 26545 1347775916
26656 26594 1348130106
26220 26630 1348151784
26672 27967 1352548518
26250 26250 1348324970
26691 26691 1349293595
26653 26653 1348274698
26778 27084 1349725268
26380 26812 1348717440
26809 26823 1348775105
26862 26862 1348979013
26860 26901 1349032175
22976 22976 1349415652
27011 27013 1349428541
25999 25999 1349415568
27018 27018 1351421879
7712 27016 1349486536
27047 27032 1349561494
27049 27042 1349566320
27056 27110 1349813056
27041 23950 1351013707
27178 23950 1350700949
27189 18180 1350582903
26474 27205 1350132095
27233 27229 1350259078
27229 4497 1350546599
24119 27957 1352484484
26674 26674 1350366457
27287 26580 1350401508
27293 27293 1350419009
27380 27375 1350662972
15023 27382 1350715803
27417 27412 1350824188
27402 27486 1351026768
27441 27457 1350942218
23689 27222 1351055881
27499 27513 1351103113
27164 27164 1351112998
27564 28192 1353225562
27576 22468 1351313072
27588 27586 1351366553
27681 27677 1351600313
27724 27728 1351811917
27724 27734 1351818292
27761 27118 1351878643
27781 27789 1352516620
27822 27829 1352130308
27829 27924 1352420330
27773 19850 1352131769
27869 27869 1352247297
27960 28106 1352952678
28069 28068 1352841249
28147 28159 1353116645
28151 28200 1353266787
25062 26689 1353118288
26689 23053 1353465058
