24796 26517 1348288533
24844 24843 1341277089
24864 27552 1351242807
24978 24980 1341773179
24979 16941 1343413605
25011 24901 1341887179
25017 18498 1342204133
23917 27530 1351206630
25033 23013 1343278194
13762 26296 1347134127
25101 25244 1342833382
24952 25127 1342386452
25146 25184 1342577665
25156 25166 1342505850
25160 29241 1353397301
16419 24392 1342691338
25247 24854 1348485735
25312 25097 1343175801
25322 27111 1349819079
25243 25248 1343379361
25390 26052 1347397109
21014 25998 1346142520
25358 25932 1345865095
25476 25460 1343894922
25486 25455 1344237476
25484 25552 1344272969
25105 25497 1344053487
25530 25560 1344299224
25565 38434 1344313970
11841 26226 1346939902
25799 26202 1346795156
25852 25935 1345871754
9271 11527 1346427109
25985 24787 1346077655
26009 26030 1346250597
26041 26354 1347297692
26137 23016 1346549670
26152 25665 1346617704
26200 26194 1346793942
26300 26291 1347104057
26059 17509 1350009562
26397 26400 1347401343
26459 26726 1348546528
25051 27188 1350101864
26522 26545 1347775916
26656 26594 1348130106
26220 26630 1348151784
26778 27084 1349725268
26380 26812 1348717440
26809 26823 1348775105
26860 26901 1349032175
27011 27013 1349428541
7712 27016 1349486536
27047 27032 1349561494
27049 27042 1349566320
27189 18180 1350582903
26474 27205 1350132095
24119 27957 1352484484
27287 26580 1350401508
27380 27375 1350662972
15023 27382 1350715803
27417 27412 1350824188
27402 27486 1351026768
27441 27457 1350942218
23689 27222 1351055881
27499 27513 1351103113
27564 28192 1353225562
27576 22468 1351313072
27588 27586 1351366553
27681 27677 1351600313
27761 27118 1351878643
27781 27789 1352516620
27773 19850 1352131769
27960 28106 1352952678
28069 28068 1352841249
28147 28159 1353116645
28151 28200 1353266787
