21692 21687 1330185270
21734 22500 1333068171
21785 24024 1338212028
21825 22022 1331331620
21995 21969 1331287256
11444 24053 1338291625
21999 10747 1331833993
20099 22024 1331338202
5697 27201 1350121413
22083 22080 1331527221
21810 25730 1345210344
21925 22196 1331957326
22094 22295 1332361704
22186 22156 1331932491
22191 22199 1331961245
22204 27590 1351369301
22150 21399 1332066476
22237 27659 1351553987
22250 22349 1332200123
21265 22252 1332208618
22256 21429 1332516994
22268 24139 1338542186
22294 22337 1332475147
15187 22376 1332761289
22450 14218 1332904852
20325 22451 1332910397
22492 22721 1333808401
17599 20931 1333059803
22501 22510 1333088469
22523 22522 1333139096
22326 24501 1339949344
22669 10724 1334835506
22447 22385 1333751826
13946 22700 1333751216
22833 22851 1334252714
22906 22865 1334440006
22907 22916 1334474008
19510 22969 1334677754
23007 22761 1334774114
22984 23150 1335218550
23021 23018 1334797732
23075 23083 1334968750
22216 27431 1352162175
23200 23181 1335374427
13092 10448 1346498377
23229 23238 1335486906
23237 23740 1337152034
23222 12586 1336434494
23398 23397 1336005824
23520 23523 1336448470
23534 25904 1345778878
23584 23582 1336632896
13360 19506 1339025128
22338 24446 1339689857
21201 27279 1350357848
23804 18264 1337414531
23812 22572 1337446909
18308 23810 1337481492
23661 11684 1348438049
23850 24267 1339034603
23856 23855 1337637934
23870 16666 1337697775
23762 23948 1337962799
23935 12218 1341638159
23982 24016 1338178527
23991 23986 1338099630
23993 24682 1340609557
23976 24035 1338245525
24048 24042 1338274389
24074 23164 1338349466
24043 24112 1338442013
24383 24379 1339513173
24309 27882 1352396304
24401 15004 1339558109
21574 25266 1345871055
24460 15114 1339720965
24478 24819 1341176609
24502 24715 1340811339
24338 15540 1346036218
24442 26082 1346366670
23835 24883 1341876850
24640 24636 1340404501
24641 12081 1340738024
24645 24670 1340570129
24661 24711 1340776966
24669 26585 1347924844
24700 24695 1340680288
24713 11949 1340891177
24796 26517 1348288533
24844 24843 1341277089
24864 27552 1351242807
24978 24980 1341773179
24979 16941 1343413605
25011 24901 1341887179
25017 18498 1342204133
23917 27530 1351206630
25033 23013 1343278194
13762 26296 1347134127
25101 25244 1342833382
24952 25127 1342386452
25146 25184 1342577665
25156 25166 1342505850
25160 29241 1353397301
16419 24392 1342691338
25247 24854 1348485735
25312 25097 1343175801
25322 27111 1349819079
25243 25248 1343379361
25390 26052 1347397109
21014 25998 1346142520
25358 25932 1345865095
25476 25460 1343894922
25486 25455 1344237476
25484 25552 1344272969
25105 25497 1344053487
25530 25560 1344299224
25565 38434 1344313970
11841 26226 1346939902
25799 26202 1346795156
25852 25935 1345871754
9271 11527 1346427109
25985 24787 1346077655
26009 26030 1346250597
26041 26354 1347297692
26137 23016 1346549670
26152 25665 1346617704
26200 26194 1346793942
26300 26291 1347104057
26059 17509 1350009562
26397 26400 1347401343
26459 26726 1348546528
25051 27188 1350101864
26522 26545 1347775916
26656 26594 1348130106
26220 26630 1348151784
26778 27084 1349725268
26380 26812 1348717440
26809 26823 1348775105
26860 26901 1349032175
27011 27013 1349428541
7712 27016 1349486536
27047 27032 1349561494
27049 27042 1349566320
27189 18180 1350582903
26474 27205 1350132095
24119 27957 1352484484
27287 26580 1350401508
27380 27375 1350662972
15023 27382 1350715803
27417 27412 1350824188
27402 27486 1351026768
27441 27457 1350942218
23689 27222 1351055881
27499 27513 1351103113
27564 28192 1353225562
27576 22468 1351313072
27588 27586 1351366553
27681 27677 1351600313
27761 27118 1351878643
27781 27789 1352516620
27773 19850 1352131769
27960 28106 1352952678
28069 28068 1352841249
28147 28159 1353116645
28151 28200 1353266787
