28 378 1255614319
19 44 1254646376
44 54 1254620745
56 2988 1262635522
85 679 1255921936
85 10462 1288552392
97 2578 1268157653
97 9582 1285711794
132 1544 1257646320
132 4960 1270601982
151 2869 1262061230
204 164 1255309473
164 213 1255313425
910 1057 1256614645
986 76 1256086857
401 401 1350142366
182 1065 1256357637
445 107 1257517859
436 1273 1276186219
423 648 1255894394
438 975 1256457708
438 9154 1284802977
539 1327 1260880034
539 8786 1283049578
467 590 1255848878
550 1163 1256596361
538 562 1255831472
538 2578 1264905282
570 5483 1271932698
570 7738 1280871583
572 179 1271505649
621 702 1255944053
621 11280 1291376951
669 12090 1294475739
98 1938 1261205501
687 4747 1270177633
704 663 1255944902
663 1093 1256488411
571 6515 1281491236
772 18283 1339751128
178 1733 1258096231
773 779 1256018652
342 1086 1256701316
342 2805 1261828015
791 21857 1334006790
109 1800 1258751830
799 2893 1257915509
799 1654 1275665717
799 6547 1275667282
807 1257 1256780567
807 2245 1267756539
807 5180 1270606046
836 860 1256120056
851 835 1256108542
873 878 1256137541
885 6854 1283030837
744 894 1256280812
887 3533 1264459676
894 1013 1256314274
180 22877 1334313477
911 55 1258585323
911 4488 1268123961
598 928 1256180285
928 931 1256180842
908 1326 1283118260
962 1170 1282955149
889 4129 1329887864
984 3552 1269099156
984 11806 1293218428
996 1494 1257417175
997 35428 1256265065
997 1844 1261534619
975 4043 1266404393
35428 2044 1259632674
1007 16048 1309254412
825 1735 1263348534
1013 1071 1256368939
1017 13197 1299321343
865 1653 1257948850
1027 1046 1256340146
1027 11502 1292297282
1035 1799 1261203433
565 565 1257814572
1046 1594 1270504851
1046 6982 1277236862
1084 1231 1267030339
1084 33841 1308677452
1084 12847 1319892715
5771 5395 1272803232
1068 18089 1321655083
1086 7093 1280449821
81883 3649 1265178780
81883 81883 1270127898
1109 4682 1270611862
855 1447 1257506095
1054 3819 1265414001
1142 1460 1258671517
838 4199 1267026761
1158 5112 1270805588
111 2242 1277683190
111 7508 1278933986
111 7694 1279383367
1185 10323 1289092298
1185 10609 1289092500
1177 2533 1262444677
146 16336 1310271038
1202 1566 1258549303
1202 14105 1306795789
927 3885 1265613866
20584 1178 1256970590
1220 1404 1257244232
1220 10934 1290139001
1220 9509 1318108957
1216 1258 1256783299
1182 5260 1270891072
1182 21136 1349315229
1231 509 1309397145
4402 10053 1287067909
1125 2046 1259974864
1125 11928 1320380786
1261 10862 1295853125
1268 686 1256809753
1272 1272 1278711794
1274 1276 1256846388
1274 1354 1257443011
1281 2320 1260132388
1281 24394 1340320697
949 3238 1270016751
949 25854 1347835161
1313 2074 1259192748
1313 3285 1263619302
2258 2258 1257052608
2258 1811 1259988291
1328 12847 1297306943
1328 18512 1348271826
1104 2929 1262364162
874 5780 1272847875
1363 1363 1301028930
1386 18004 1317051584
1386 23079 1334955977
1354 1393 1257213278
1400 7626 1303617010
1400 16756 1311737476
1403 4420 1267908852
1401 1308 1257243454
1404 15449 1319432561
1120 1535 1260521586
107 1429 1257289315
1442 1471 1257364975
1445 7223 1277984932
1447 1927 1258682210
1447 25256 1343019279
805 21007 1328046880
1470 1470 1257407437
1470 1531 1257485105
1481 4766 1269116165
1481 9542 1287187512
1481 10147 1291329660
1589 19965 1341275615
1460 8294 1281444632
1406 1518 1257607305
1406 1745 1258365960
1496 3410 1264038259
1214 1519 1257468649
1525 2205 1259724827
1526 1518 1257480815
1544 1583 1257636415
1172 2730 1261822408
1555 3888 1272044223
1570 1577 1257594497
1579 1579 1257609295
1579 25980 1346155833
1580 19334 1323020113
1580 1580 1324199943
1583 10139 1287681513
1583 14559 1303447984
1592 1169 1257730732
1169 1169 1257727410
1594 6099 1275439681
1594 4710 1313863950
1629 1626 1257805480
1643 7200 1282436648
1649 6288 1274737566
1649 2300 1274744852
1653 1364 1257949938
1653 2320 1260855377
936 2034 1259002541
932 3682 1265013115
2893 13824 1302543088
1364 2120 1259378751
1684 23884 1337734415
491 868 1285340573
491 8162 1289916261
1627 1827 1258358123
1627 5461 1271716217
1692 1714 1258050168
1020 12059 1294356723
1713 1724 1258135693
1724 5739 1272622683
1743 5068 1280312080
1756 14105 1327183044
1761 2322 1260046616
1772 2611 1260932442
1779 1780 1258182499
1782 1983 1260499182
1791 3907 1266124261
1619 6255 1274789981
1619 5484 1274835468
1619 13981 1301568844
1455 1794 1258258514
1455 18783 1319616897
1799 10335 1288224928
1810 1796 1258281226
1811 7540 1286271501
1822 5536 1272569650
1822 9653 1285831106
1822 13624 1300082382
1823 1879 1258544296
1825 19860 1338453315
1837 3291 1272235493
1846 1591 1258421471
1855 1862 1258494560
1855 5068 1270097238
1855 3142 1270200270
1865 1864 1258504685
1867 9927 1289541732
1867 8358 1299804025
1867 16527 1311005549
1884 1977 1259717282
1884 3844 1265512922
1886 2226 1259772717
1915 15474 1306795432
1927 6719 1277904378
1928 1987 1258787038
1937 12292 1295378706
1948 1949 1258693508
10273 9878 1290335833
10273 14559 1303514692
1960 1960 1258734568
1969 6344 1275338632
1969 13176 1298448305
1969 13453 1303238935
1970 1954 1258740827
1954 2311 1259982775
1954 2766 1270617524
1979 3000 1268291958
1977 2451 1260393698
1988 4747 1269055682
2013 2074 1263318328
2013 5611 1272260701
2013 3812 1282137512
2014 2711 1261286564
1938 6935 1277114130
2023 10761 1289517873
2031 7325 1278538643
2031 1574 1313050885
2031 14510 1315130674
2046 2421 1260364197
946 9292 1284788603
2074 19909 1323761133
1956 12531 1296114416
2096 4536 1268287942
2099 2102 1259297042
2110 2238 1259743273
2110 2081 1277192040
2093 2128 1259400068
2093 2140 1259443660
2113 2987 1262765676
2113 3267 1263606602
2111 2121 1259390831
2120 21108 1260236533
2117 2657 1261105208
2122 6710 1278321211
1134 2446 1267138977
2164 8974 1303382158
2164 3513 1303411983
2181 7041 1324690239
2165 5217 1274270403
979 10416 1289146990
979 15880 1308531259
979 6768 1309150326
2205 8165 1280993770
2229 2229 1259724603
2229 12506 1296035182
2226 2232 1259728483
2218 12832 1308021173
2223 13967 1301351588
2274 18765 1319562892
2267 23634 1336794961
1930 10220 1288128498
1930 9962 1290923980
2224 2482 1260483694
2312 6555 1283298280
2312 11609 1292996764
2312 25954 1346029721
2286 3052 1262918309
2327 2536 1262947121
2327 4625 1268921397
1876 3565 1264579543
2259 448 1285884521
2360 9932 1286854251
2360 10246 1288938422
2370 2357 1260230245
2357 8123 1280867427
21108 20040 1328330556
2381 4112 1328378313
1530 7012 1277329232
2394 2394 1260312522
509 4717 1268945022
47710 8197 1339095468
2421 3449 1264135982
2458 2447 1260407796
2455 20437 1326059851
2455 27921 1352402683
2206 3139 1272712353
2206 22260 1333858710
2473 2533 1261702068
2474 2509 1260579637
2482 9158 1298824211
2490 12500 1296090606
400 5312 1271889755
400 10286 1287911878
2231 2500 1260535946
2231 4553 1285807646
2515 2541 1260694539
1681 12314 1295448096
96 4005 1297833736
2566 2566 1260908691
2570 5908 1274261999
2570 13354 1299083711
2569 7573 1279167928
2600 2611 1260934515
2613 17426 1314650406
2614 2638 1261050580
2614 4093 1266585108
2614 7002 1278359108
2628 3156 1268969593
2300 4286 1267309281
2300 6100 1273910473
2547 2547 1276341306
2633 2639 1261060342
2633 2785 1261750197
2644 2644 1270769284
2644 3202 1273715260
2649 2655 1261101163
2649 6086 1273847724
2146 5092 1270225215
2146 9684 1285889015
2146 15247 1306047770
2714 16124 1309574682
2702 4837 1269472518
2702 16959 1314361554
2730 2738 1261482310
2735 3071 1267162908
2735 2735 1267227029
478 2641 1274160774
2738 8629 1312323982
2734 3195 1263356182
2734 3031 1265924754
2734 4517 1269386828
2750 2750 1261531008
2533 3017 1262704724
2737 3536 1267159529
2785 8515 1284721001
2795 2910 1262281923
2797 2797 1262563042
2797 20441 1326065872
2805 3011 1275190084
2805 6517 1294698132
2814 2816 1261882472
2814 2047 1261984699
2814 7839 1281423457
2818 16792 1322947654
2693 3453 1264143254
2693 6997 1277263625
2873 2877 1262104994
2878 2872 1262106781
2878 11105 1336643740
2891 2933 1262404831
2891 2891 1262728296
2915 26327 1349501672
2910 4145 1266798675
2923 3475 1274256114
2865 2935 1262404227
2865 25771 1345269914
2933 3867 1265568442
2933 8940 1283385201
1100 24021 1346271654
2947 6209 1292221269
389 2974 1262647589
2991 3170 1266366729
2991 10847 1326711533
3005 4076 1285572864
3023 14570 1303360490
2604 3157 1263253108
2604 4934 1269637075
2604 5135 1270454245
3045 6700 1278477867
3045 15239 1305885305
3045 24429 1339642143
3054 5705 1272636416
3054 27437 1350957813
3056 25725 1345062308
3061 14312 1302861324
2285 24877 1341551295
2989 9981 1299083414
3139 4105 1266698255
3139 3142 1270181292
3143 7625 1279174137
3143 13321 1302308200
3147 39723 1264004550
3161 5660 1272804339
3156 10901 1333295352
3195 7361 1278421109
3195 7168 1278423169
3200 16963 1312532195
3200 25106 1342341626
1735 16683 1311459943
3205 3282 1270788158
3205 14552 1307662097
3202 2641 1273714669
2502 18965 1337478175
3238 3615 1264747454
3238 4759 1269082241
3244 3287 1263619782
3246 4490 1270001554
3275 2293 1263575620
3275 4338 1273987857
2293 44243 1307345099
2293 26776 1348627315
3268 13547 1299775521
3268 27144 1349913276
3268 28049 1352763694
3267 15826 1308275874
3282 3029 1270810023
3282 11241 1291603017
3281 11581 1292808567
3285 3358 1263854583
3290 4130 1266741569
3290 13723 1300401693
3290 15780 1315021025
3118 6361 1275101678
3301 3449 1264134382
1607 5217 1270862443
3293 4676 1271996475
3293 3293 1326404898
3315 4067 1266494431
3314 3598 1264689260
3333 3333 1306448067
3333 14350 1302731254
3338 3338 1271696205
3338 10862 1289926529
917 917 1263789051
3346 3361 1263855393
3346 6349 1274991022
1835 3919 1268775724
1835 7671 1338675008
3358 3407 1264097782
3357 10110 1311657712
3365 3366 1263870825
3365 13235 1298668802
3365 27206 1350525007
3369 14191 1302171954
3350 5305 1271099598
3350 50854 1278288846
3350 25040 1342027494
3376 5066 1271306045
3376 12518 1302064809
3096 3675 1265424801
3396 11099 1322494244
3405 23098 1335823378
39723 3029 1273449139
3410 15671 1307575149
3427 1961 1264087925
3407 3407 1264122704
3454 7685 1280465273
3458 3432 1264153669
3448 8054 1280532002
3448 5217 1281913340
3460 1537 1308613127
3467 3467 1264314207
3475 21409 1336999908
3475 4778 1337053385
3489 3489 1264312369
3492 3508 1264370611
3494 3762 1265249562
3513 16524 1310968068
435 5288 1271007246
2578 8584 1292552354
3533 5398 1271645775
3186 3186 1281840828
3566 3566 1322513806
3547 5112 1272752150
3547 11105 1336694623
3551 2739 1264510525
2739 4641 1268815066
3478 27994 1352613368
3574 3574 1264618044
3582 3587 1264653194
3582 3588 1264653716
3585 3590 1264659904
3589 3589 1264656472
3590 1139 1265714987
3613 3605 1264739509
3615 7361 1278503022
3615 11059 1296604182
3602 8154 1280965266
3610 3610 1264812219
2576 24126 1338496206
3645 3671 1264988268
3579 10769 1291683413
3646 3646 1309749097
3669 13467 1335797261
3669 17246 1335905308
3669 22495 1336827467
3649 3843 1265509582
3708 3725 1265265256
3713 20112 1324538224
3725 4635 1268614568
3700 3700 1265164203
3756 8629 1347396847
3787 4357 1267617990
3787 9546 1293610080
3777 3792 1265332012
3777 3860 1265850466
3777 4513 1268200613
3779 18014 1316767886
1378 3851 1265523076
1378 5851 1273052312
3826 1448 1298517347
3855 5279 1270977724
3857 5116 1270330081
3882 4389 1267778819
3887 4092 1266820570
3887 4153 1266835816
3888 4235 1268527802
3897 4805 1269286497
3897 13185 1298499253
3897 24579 1340232345
3899 4436 1267949543
2677 4994 1284496564
3898 4408 1298257513
3903 21940 1344500192
3909 8789 1286260277
3909 9624 1301830478
3909 14308 1302651108
3919 4718 1269027887
3922 3967 1265991006
3922 19071 1336400761
3922 27293 1350493045
3939 3940 1265886952
3952 2781 1284885779
3960 9927 1289543242
3960 7456 1296254594
3465 27040 1349546216
2985 4058 1266460285
2985 7411 1321013358
2985 27253 1351228093
3977 6569 1297647840
3977 24173 1341605589
3907 13981 1301995296
4000 76792 1266228070
3318 3318 1315725627
1516 1516 1295274452
1516 12573 1314413745
2158 4302 1267408493
2158 3970 1267423279
3816 15933 1308730192
4041 4041 1266406620
4069 15587 1309976869
4069 4069 1345764292
4070 3875 1266521699
3875 10709 1289368780
4035 4291 1270447977
4035 5626 1272607542
4086 4086 1312934163
4086 23693 1338397176
4092 4235 1267089176
4095 4594 1268525520
4097 4257 1267162311
4097 4267 1267201234
1874 9684 1286077925
4108 4140 1266769953
4120 8544 1282033890
4140 14850 1304485997
4520 4170 1266903626
1307 1307 1266868319
4170 13913 1301112153
4170 24985 1342640456
4173 25726 1280901043
4176 6209 1274391625
4176 14807 1342614626
4005 7373 1278485649
4186 4181 1266958545
4181 4420 1267907920
4200 6985 1280886930
4201 2664 1266993792
2664 8224 1283037346
4205 18323 1317994922
4220 26864 1348883921
4222 4557 1268353057
3536 5621 1272318064
4267 2189 1299295940
4268 4300 1267394466
4274 4274 1336006630
4280 4279 1267299058
4287 4288 1267313801
3970 14286 1302586643
4291 5080 1270193387
4076 5689 1272490304
4162 18716 1338622241
4036 24949 1341673367
4324 4949 1293488420
4325 23911 1348067096
2641 4348 1267598515
4327 2109 1274650956
4342 22206 1331999267
4348 15470 1270087651
4356 11123 1292670973
4356 27499 1351181230
4358 19007 1327003138
4272 4272 1267699905
4363 5536 1272577780
2245 4491 1268111691
4384 10871 1289954604
4401 4669 1268987564
4401 4741 1269028916
4401 14433 1302949329
4481 14812 1318489090
4003 12875 1298588495
4494 11980 1294051757
4494 11056 1298733327
4503 3172 1268175697
4503 4503 1268342340
4218 6926 1277669000
4524 25275 1343016056
4507 4507 1268269143
4507 10049 1287090991
4537 4537 1268526303
4553 7386 1278551295
4553 10887 1290034924
4544 15749 1307978449
4594 20343 1327932389
4477 6902 1276964730
4637 4650 1268678213
4640 6154 1323263813
4648 29218 1353342748
4669 4734 1268987406
4672 4672 1271905040
4682 5980 1273618563
4677 4741 1269026650
4677 16741 1311698372
4677 25081 1342144187
4685 15073 1305287490
4685 14328 1305961046
4673 2783 1278643696
4673 4673 1311833035
4698 5484 1278298852
4698 10659 1289243128
4710 19540 1322331946
4676 12952 1298531203
4714 4725 1268965344
4714 5219 1270728673
4714 21230 1328728420
4718 16180 1335531209
4731 22668 1333522122
4624 21711 1340516630
4757 9041 1283789322
4757 7725 1303143162
4763 16762 1343157787
2171 4797 1269241142
4782 6566 1277827501
4782 7258 1279205590
4782 5480 1279225821
4783 4904 1269543111
4716 8180 1281045973
4716 5395 1281464599
4716 33841 1299276820
4821 2464 1272736599
4821 14304 1332100812
4517 4517 1271636269
4261 4833 1269407854
4261 5363 1271295967
4261 6442 1278724991
4853 4806 1269455997
4856 14181 1350847135
4626 5165 1270559922
4837 20822 1332940953
3569 18736 1319457141
4890 13765 1300691513
4890 16025 1309139674
4890 8982 1309730929
4893 4896 1269518912
4893 17992 1316666290
4893 10901 1353280574
4863 8644 1282288271
4863 9669 1295461885
4854 8864 1283175149
4854 9730 1286010687
408 5534 1312505315
4949 11537 1292279901
4963 757 1269763207
4965 16147 1309756705
4972 3926 1269876227
4975 20674 1326850396
5484 8286 1281401609
5036 5036 1270007639
4990 5683 1275387214
5000 4490 1270004128
5000 5338 1271209725
5001 7494 1288151095
5016 8684 1312744172
5045 7935 1280367043
5045 10881 1314833214
15470 23947 1343418885
5066 5066 1333407101
5044 5154 1270532129
3102 5170 1270584895
3102 6334 1275371783
4678 6270 1274713034
4678 6872 1283177389
5018 6923 1317621858
5108 5121 1270374371
2802 15122 1305481942
4971 6668 1278884198
4367 8615 1330570633
4367 24805 1341089016
5144 5090 1270521029
5144 8684 1298544019
5144 17358 1314194736
5142 27914 1352382372
3886 7175 1277836554
3886 7056 1279055394
5181 13707 1347030687
5124 13746 1300530037
5124 22789 1334563138
5196 7608 1281548011
5197 5464 1272106377
5200 6726 1278965560
5200 7575 1279080377
5231 5365 1271521977
5231 5678 1277777171
5223 5223 1288012454
5260 5275 1270942781
5069 11897 1297395622
4778 8550 1282070420
5268 6524 1275543908
5282 5357 1275239309
5282 7056 1279056079
5281 5651 1272356959
5281 27941 1352504644
5313 5319 1271126814
5316 5394 1271376145
5316 5344 1271383353
5323 13215 1305843583
5323 17861 1316221141
5323 20947 1327832009
5312 10322 1340330122
5339 12484 1309493757
5363 8592 1282674700
5344 7228 1278966514
5407 10218 1287644307
179 179 1289910068
5431 7283 1278123241
5417 13753 1319456375
3849 7870 1279935623
5469 5286 1271728453
5473 19201 1321105319
5486 5633 1272328376
5499 5314 1271922064
5519 23873 1339428843
5534 17111 1313185730
5523 5523 1271984503
5566 5551 1272008151
5566 26077 1346341659
5572 8733 1292741074
5572 12402 1317835218
5611 10711 1289374433
5609 9689 1285896246
5621 22183 1332008288
5621 21733 1346684799
5633 5639 1272332905
5646 5653 1272362579
5654 5637 1272367698
5675 5674 1272427386
5526 6821 1276638479
5700 11297 1291438577
5700 7247 1296356135
5709 8886 1283262522
5709 17304 1314030920
5715 7518 1283876940
5731 12596 1296340270
1894 6515 1281562581
5768 5768 1291402068
4221 6301 1334448272
5794 22313 1334728259
5802 5807 1272951245
5802 7391 1278532162
5822 16698 1311553637
5827 5825 1273017361
5860 14155 1303546601
1243 1243 1279260989
1243 26862 1348927938
5901 5901 1326559748
5901 13075 1298097606
4555 8403 1281955586
5360 6524 1275630643
5360 9621 1316388806
4701 10673 1301963246
5938 6992 1298705215
5945 5950 1273282803
5945 7227 1277974960
5960 5934 1273343293
5924 15589 1307229307
5973 12695 1314737087
5986 20430 1326002588
5706 2063 1315640422
5998 13969 1302653328
5993 5766 1273523675
5736 5548 1273557905
6023 6872 1330122172
6030 11562 1292448651
6030 14510 1304816698
6030 2365 1327358223
6031 6126 1274056712
6031 6040 1275151423
5724 12295 1295410836
6040 8065 1282093178
6066 10639 1295643997
6082 6082 1275596480
4282 4282 1273866962
3213 5988 1273935387
6104 8610 1282209105
6104 10547 1323607092
5723 18915 1320095476
5723 21049 1328104892
6126 16914 1350661013
6133 19008 1324370744
6133 8435 1330764557
6133 22727 1343643386
2503 7903 1280106179
2503 7899 1280208307
2503 7931 1280264124
3848 15152 1305599165
3848 15175 1305671251
3848 20674 1343350144
6140 14102 1320121971
6140 6140 1324136136
6151 6342 1337950600
6159 25468 1343872261
6167 6166 1274243745
4535 16859 1312213016
6183 24541 1340064891
6187 6187 1332345219
6209 6555 1275711589
5428 19682 1322864369
6235 6223 1274491446
6248 152 1275077134
6249 9853 1286530553
6254 6254 1313634629
6259 12987 1297799244
6266 6563 1275714938
6270 6590 1276034640
6277 6517 1275617934
3810 3810 1277497204
3810 6908 1277509244
6141 6141 1274746032
6290 4571 1274749805
4037 18505 1319592804
6255 6590 1275984445
1055 17458 1324099626
6324 5977 1274903402
6327 6326 1274895706
6330 7041 1342846030
6334 8012 1280416352
6339 7489 1279374463
6339 9946 1324836710
6339 26611 1348108406
6342 6702 1307445834
6342 16989 1337096303
6343 6369 1275046618
6349 6831 1276682434
6349 7254 1278065637
152 13062 1298063165
6366 6388 1275076275
6381 6320 1275064179
6320 1720 1275713922
6389 15877 1308745451
6418 6398 1275159649
6398 6459 1275361325
5357 5883 1276474854
6433 6475 1275424397
6441 6435 1275276665
6466 6619 1275941855
6466 13059 1299170962
6476 6483 1275443343
6484 6655 1276027684
6495 9316 1284785105
6522 6590 1275972643
6522 17350 1314166334
6500 14091 1314242148
6500 27264 1350334292
6496 24435 1339656165
5795 17768 1316426398
6550 4608 1276924216
6550 10096 1287243073
6549 6557 1275702981
6555 12192 1294914799
6382 19414 1321860830
6382 17761 1321865633
6576 6576 1275840907
6577 9666 1285858045
6577 12379 1316280261
6619 6619 1276324502
6210 6634 1275939099
5538 16193 1318280763
6634 27549 1351276582
6594 9611 1349933990
6673 7685 1280483069
6701 12532 1296161370
6701 13834 1300982814
3441 7589 1279092180
6714 6714 1276289164
4526 8208 1304127759
4526 27564 1351287396
6751 8188 1281054688
6751 3896 1281736828
6757 6757 1282884745
6750 6778 1276433257
6750 6863 1276797800
6774 7126 1315022709
5610 6926 1277686258
5610 13062 1298063737
6801 22073 1352353609
6645 6645 1276562713
2416 8393 1281577749
2525 14662 1303750820
2525 11632 1312354442
6768 7767 1282763145
6768 13508 1299651408
6847 6847 1276732456
6872 13856 1301201177
6882 1669 1298595278
6903 6906 1276932963
6903 10833 1326027454
6904 7053 1277882749
6904 7687 1279437952
6904 7247 1279555914
6926 2791 1278963576
66825 66825 1304946506
2048 2048 1332635738
6649 10073 1288279750
6854 5790 1277140831
6858 17111 1313390811
5790 9107 1284065354
6923 7909 1280809135
6961 12968 1347847415
6966 6975 1277312010
6966 7056 1277411448
6985 7386 1280870884
6992 7177 1277859425
3988 7772 1289613804
7012 7058 1277412835
6892 7036 1277353028
6892 25712 1349289155
7015 14157 1302059019
7023 4954 1281044576
6137 6137 1299215082
7028 6853 1284678374
7053 7142 1277763417
7057 8638 1282284557
1606 7738 1280425284
1606 8814 1283400404
1606 18500 1318558321
7071 7049 1277440034
7049 7200 1278005625
7049 8030 1280461234
7043 7647 1292059159
7092 6994 1280553466
7089 4112 1295054826
7089 7089 1297324122
7103 15191 1305746078
7103 7103 1322717720
7106 17614 1315410131
7107 8838 1282978096
7107 8847 1283020386
7107 8978 1283677039
7101 7129 1277711133
1907 23106 1335084954
7133 14286 1302669886
6154 10030 1322608360
6154 14939 1322694317
7177 8702 1282597564
7165 8424 1281657115
7205 7072 1277981992
7228 7077 1308569051
7228 15901 1308597940
7231 7229 1277982583
7239 7239 1278551063
7266 7218 1278070889
7218 7377 1278477146
7269 5577 1278283768
7269 7537 1279038040
7269 15704 1329131089
7257 4392 1278448042
7262 7325 1279325446
3428 7203 1278186202
7302 16114 1310156466
7302 12806 1316384729
7302 18286 1331583725
50854 13385 1304987411
7320 6922 1278335618
7320 7625 1279173968
7364 23267 1335555180
7238 12105 1334191530
7360 7360 1278444788
6949 30412 1346268205
7170 1667 1283064316
7422 7422 1278626688
7330 6715 1278865052
7330 22962 1334636071
7383 7383 1278646700
7258 7477 1278740972
7461 7467 1278712872
6702 11052 1290596745
6702 9019 1307423874
7499 10763 1290275317
7492 7492 1278923875
7492 8855 1339424861
7512 7510 1278983998
7520 3027 1278988283
7126 7527 1278982711
6771 25383 1343491679
7531 7756 1279598527
47274 12264 1295295724
7591 9858 1288381563
7591 25139 1342512850
7632 8596 1282171259
7632 23865 1338555673
5480 8606 1282197523
5480 8688 1282463517
7021 15017 1307407879
7021 20913 1328483101
7647 7683 1279340607
7641 6300 1279260996
7641 8056 1280543350
7489 7489 1279343966
7672 7672 1280831120
7672 4954 1281139139
7673 13488 1300122848
7673 12965 1318944207
7673 5429 1323392113
7695 7646 1279584718
7695 3512 1279387383
7705 20321 1325542673
7727 7726 1279510858
7739 7742 1279559616
1816 7686 1279549310
7742 7595 1279586271
7742 8130 1280898073
7738 6749 1280353781
421 28172 1353215894
7756 8070 1280661115
7756 10083 1287182883
7765 23862 1352415528
7780 8208 1303738484
7780 11670 1305665622
7792 7890 1280126672
7692 2592 1279897610
2592 7861 1279899958
7821 7817 1279798517
7834 8789 1286233562
7842 7842 1300426068
7875 7875 1280118420
7891 7890 1280059597
7895 17503 1349018193
7914 21389 1329242699
7911 7929 1280214534
7931 7878 1280250584
7779 23122 1335218620
7767 7767 1346563842
7967 26746 1348496403
7993 7428 1280372851
7626 7519 1337135860
7990 16438 1308613249
8015 8275 1283105003
8004 12947 1297592133
8019 10043 1287082372
8041 15396 1306482615
8092 8112 1280808178
7872 7872 1281398847
7872 15388 1311427863
8047 39719 1283625326
8047 9024 1297980001
8112 25414 1348146179
7421 9342 1285903902
25726 13948 1301274229
8135 25861 1345679174
8152 23981 1338958218
8154 8154 1280965570
8161 15365 1315276769
8161 25863 1345685068
8168 11186 1291160161
8188 16959 1313101893
8196 13396 1299290848
8153 8215 1281138084
8153 8217 1281143962
8153 8074 1281302257
8224 5837 1284531653
7983 7983 1282391675
8234 8214 1281272919
8239 8347 1281522355
8239 8509 1282178535
8253 8274 1281391164
8275 9006 1283597611
8294 10223 1287656907
8333 7276 1281482316
7276 19369 1332106272
8341 23827 1344337058
8368 8361 1281513991
6518 10516 1288736097
6518 13242 1298681820
8380 26672 1352560757
8391 8969 1283477298
8391 24633 1340385422
5793 8062 1281630160
5793 15775 1308802437
8417 8460 1281756196
8434 8436 1281684148
8434 10251 1291367742
8434 10673 1297752567
8432 8523 1281963120
8432 4106 1287098278
8431 8399 1281704220
5593 8519 1282090709
5593 10577 1288943151
8447 8447 1282157610
8460 8460 1282088124
8479 8550 1282071742
8358 20021 1324216371
8482 5587 1328208138
7747 8187 1281938047
7747 7991 1283078471
8394 7923 1281920888
8394 8394 1325557260
8187 22215 1332093906
8257 12806 1303109817
8257 17515 1314837649
8257 19444 1321970375
8519 7777 1282092370
8565 8614 1282218299
8579 8585 1282153012
8601 8599 1282184984
8604 12395 1295738755
8003 18730 1325125684
8628 10995 1290380868
8636 9785 1286243820
8642 8642 1282431953
8694 8712 1282531501
7108 7108 1339437016
8128 8720 1282555637
1667 8193 1283423728
3519 24726 1340761043
1556 1556 1303256036
8788 8744 1284388293
7991 25610 1344518404
8797 19823 1323401616
8797 26848 1348863314
8721 14548 1304788018
8802 8905 1283270379
4373 17426 1314502835
8798 25763 1345257531
8798 26140 1346661417
8814 8952 1283402570
8814 13530 1309478562
7443 12668 1308874108
7443 23457 1336174113
8838 8515 1284605172
8786 26248 1346948436
8736 7790 1285167205
8875 8850 1283320498
8882 8885 1283191689
8883 18693 1329927280
8886 9504 1285408581
8886 9522 1285501552
8899 21965 1339365363
8908 8354 1283584945
8916 8916 1283306910
8916 23463 1346022403
8850 9017 1284076955
8933 8933 1283362723
8354 8354 1283596357
8940 8952 1283405733
8794 17361 1321848015
8794 8794 1321848485
8193 27459 1353053593
39719 6570 1285255755
5295 9057 1288486466
5295 16705 1311576117
8965 13284 1334245707
4106 9535 1287284404
8978 8978 1283569742
8987 8984 1283550461
8994 9313 1284782061
9002 9008 1283613381
8995 8995 1283741765
9014 16080 1309361996
9028 2660 1283786090
2660 14918 1304797865
9046 14809 1304307805
1673 5958 1283803269
4433 5738 1336169407
4433 27504 1351058762
9102 13431 1300350327
9102 14730 1304018928
9102 27043 1349805609
9017 15545 1307072920
9124 11632 1303501589
9126 9123 1284098125
9139 9149 1284189216
9139 14661 1303749106
4903 11244 1291289453
9155 2234 1284201229
2234 25002 1341863484
2234 31339 1342467632
9172 9202 1284397695
9187 12952 1326088824
33841 10849 1303264259
6570 11556 1292359399
9220 9223 1284493854
9114 11255 1291320055
9232 9232 1292473374
9044 7979 1285607352
9044 8574 1287059222
9044 19457 1322409656
7979 18384 1320073297
9246 9927 1290105542
9246 11651 1292647553
9248 15289 1334333946
9248 23155 1335240025
9248 26667 1348242368
8515 24618 1340319015
9237 9338 1284853068
9305 14213 1302248702
9305 13475 1304687727
9313 9468 1285285988
9313 10219 1287645429
9316 39663 1307490567
9316 17246 1313993395
9154 18823 1337124725
9301 9266 1284805057
9332 15484 1308057448
9253 10850 1290006839
9347 10943 1296645374
9347 9552 1298080796
9354 9372 1284971697
9355 9679 1285892255
9355 9838 1286400209
3655 9369 1284961668
9390 13061 1298189679
9379 8870 1288900896
9379 19369 1321686373
3447 8894 1285052325
8894 13639 1317365245
9404 14763 1304051639
9386 13467 1299830405
9386 15027 1305152629
9429 9427 1285135200
9429 10524 1288949724
9429 10698 1289406394
9431 9721 1285985878
9302 9302 1285187402
9302 14361 1324748888
9462 9459 1285244781
9459 9527 1285536277
9463 16914 1350645700
9468 9470 1285273581
9455 4165 1292015700
9486 10435 1288870746
9486 14121 1302184516
9504 19906 1323749434
7412 9538 1285592760
7412 9720 1285994179
7412 10639 1289173929
9522 12064 1325256030
9522 27304 1351152214
9523 9523 1285678023
9542 9621 1285793101
9542 9855 1286449255
9552 9942 1288449512
9552 13439 1299389291
8363 7987 1295309469
9569 9625 1285798135
9586 9621 1285787883
9586 9586 1285951722
8974 17550 1314997622
9342 9342 1331072712
9661 27760 1353443128
9668 10053 1287098146
9684 14354 1308884706
9714 13618 1300051327
9714 12518 1301848922
4019 9732 1286016601
9624 9624 1286051891
9769 12835 1297231609
7540 9525 1286233115
36067 17121 1315554610
9792 9798 1286261863
9776 5738 1299170423
9776 18505 1318818823
9810 9807 1286318006
9800 21208 1328649551
9818 9835 1286392631
9836 9836 1286407937
9094 10977 1290299203
9823 9869 1286486033
9878 9878 1290635040
9024 10258 1287788396
9899 12047 1294296372
9904 2331 1286649688
9904 9544 1286649894
9904 9909 1286657166
9926 9968 1286880671
9932 9680 1299218892
9712 9951 1286835277
9942 10071 1287153441
9942 15392 1307991759
9952 9913 1286837398
6588 7611 1288240478
7576 12450 1295926330
11705 11705 1286926688
11705 14342 1302716681
10007 22001 1352032927
5287 10043 1287039201
5287 10872 1289954831
5287 49924 1298854820
9962 10324 1288168539
9962 13097 1298197251
10050 10052 1287060892
10050 10053 1287062504
10052 17029 1347033646
10032 10075 1287128341
9565 18492 1318527268
10073 10241 1287710551
10073 10284 1287968110
10075 15661 1307781835
10083 12390 1326531472
9667 10097 1287247813
10106 7837 1287288735
10106 6527 1287810349
10112 10104 1287295483
9458 12234 1297883599
10118 10124 1287342393
10121 10123 1287339685
10123 10870 1289958922
10123 12021 1297858311
10128 10128 1288324179
10155 10193 1287582888
10189 10386 1288250687
10221 7494 1287701361
10234 9779 1287743211
10234 10267 1287812836
10234 14827 1304308208
5896 11837 1293438015
5896 13244 1301860701
9779 10258 1287810192
9858 20484 1326254579
6527 14806 1306779214
10269 10269 1287978714
9842 7448 1310076182
9842 14744 1316167945
10286 23440 1336113118
10299 17719 1315692249
10204 13520 1299676445
10350 10350 1312155204
10317 10343 1288125498
10322 26684 1348235601
10327 10954 1290200264
10331 19191 1321057352
10381 10381 1288329085
10453 10402 1288489785
10461 10461 1288656956
8784 13378 1299153004
8784 20035 1324211956
10537 10537 1288910842
10537 10758 1297213992
10549 10555 1288862837
10539 10539 1288903640
10570 11964 1307159178
5115 10611 1289071724
10613 9612 1351332782
10614 10609 1289084142
10614 10706 1289351071
10583 10583 1292315468
10583 11368 1291703853
10231 11301 1291459590
10231 7409 1292438320
10231 13175 1298518902
44797 22733 1350887320
44797 27430 1350887364
6793 9793 1292337605
10679 16989 1313433540
10708 24935 1341972376
9003 9003 1299601385
10729 14319 1319829315
10729 24340 1339393368
10729 24430 1342149961
10758 7530 1322840384
10745 10799 1289652536
10745 10578 1290108949
10728 10728 1289616065
10814 27151 1349933840
10749 14576 1303397811
8162 10861 1289914005
10849 10844 1289873017
10849 12374 1295926752
10844 10844 1289944612
10858 10858 1299557112
10858 9808 1317050608
10876 10917 1290083045
10876 10933 1290141209
10857 10887 1290042916
10541 12690 1296705601
10541 1992 1297583643
10541 16894 1312478511
10931 10931 1290137632
10792 11191 1291136457
10792 22119 1331675172
10547 24766 1341006208
10951 10951 1290262602
10945 11268 1291354864
10945 11322 1291562000
11011 11258 1291326737
11011 15494 1306872105
11011 15504 1306898483
10251 6429 1318999211
11019 15693 1321661413
11031 11031 1327619364
11030 11030 1291331771
10881 11877 1314378955
10881 20101 1324611444
11043 17565 1319511704
11051 23434 1336125115
11051 24503 1340003397
11051 9164 1342484258
11058 14286 1302669456
11056 26145 1346724415
11056 30691 1349319042
11071 17160 1313433405
10602 19706 1322972509
10602 18108 1322973192
10111 12998 1298095903
11094 20033 1332199705
8084 11116 1290927804
8084 12981 1333080078
5263 25840 1346477851
5263 23935 1351483179
11131 11131 1291191312
11163 11163 1291132632
11172 11177 1291092274
2056 19964 1330739597
11178 2114 1299965779
11178 2063 1314945214
11178 13838 1332545800
11206 13935 1321767698
11220 13437 1299415373
10712 15872 1318985664
11230 11230 1291315236
11291 8707 1311455553
11306 17053 1317991060
11264 37099 1325567203
36720 13000 1302311028
11317 11317 1297170520
9581 22973 1334744022
11124 20037 1324219906
11361 12409 1296660637
11361 15828 1309340684
11390 4700 1291775334
4700 17490 1314756839
11409 44243 1322201443
11414 22873 1335671738
5587 24338 1348993601
11449 24527 1340384458
11218 18305 1328530056
11218 23240 1335788025
11484 11484 1299890744
11498 11522 1292182704
11535 14869 1304488555
11538 11538 1292289044
11556 10663 1292320664
7409 11575 1292401998
11554 9612 1294830519
11583 11583 1353413291
11588 11601 1292469356
11595 26388 1347383429
11629 12965 1297669874
2019 11630 1292571695
11670 17644 1337048448
10001 13024 1297927442
3776 3776 1292801780
11721 10670 1296594179
11745 15573 1307141962
11761 11730 1293006329
11662 11764 1293017002
11763 11774 1293078404
11763 12896 1297397864
11763 13963 1301342716
8508 8508 1318125914
8508 19719 1323023989
11796 10061 1293153023
11800 8941 1293175052
11262 15014 1306251802
11262 22833 1334208538
11262 22029 1334244596
11830 12132 1294675507
5792 5792 1293433599
11821 11838 1293405702
11846 20196 1348030223
11850 15465 1306770675
11850 16352 1311538374
19943 19905 1323868895
11928 14092 1301995117
11928 19022 1320438699
11247 22662 1334536051
11854 10346 1293927560
11854 7303 1294490941
11854 26728 1348421193
11947 11018 1293935689
11947 20323 1325548857
11018 16114 1309547941
11018 1997 1318573123
11964 18030 1317548895
11985 11985 1294090218
11985 12581 1296268184
11974 11970 1294083332
11996 11897 1294121936
11998 14163 1325840580
11998 11998 1325840681
8932 12474 1295950646
8932 13856 1301965544
8932 25299 1343117570
12032 12032 1294699341
8202 19881 1331962767
12082 16007 1313041552
12082 18131 1327138883
12057 17489 1314931599
1992 28172 1353406931
12111 12111 1294572718
12126 21317 1328990537
12103 20103 1330037702
12103 23189 1335346187
11608 6770 1296321286
12170 14200 1308310159
8855 12037 1294863500
8855 16717 1319774131
5048 13607 1300397664
12146 12146 1294909226
12192 12295 1295409645
12192 17813 1316082903
12605 12386 1300947027
12204 5831 1296764297
12213 12036 1295041191
12223 12223 1330480492
4112 62253 1320337229
11877 10316 1299403749
12187 12409 1298539860
6542 15308 1321313544
7690 14053 1301616495
12064 17986 1316744331
12249 12650 1296536727
12260 13250 1298714807
12260 13147 1298853029
12264 12396 1295689274
12264 12105 1298457755
12274 12277 1295341660
12274 17013 1312816965
12336 17987 1316655608
12336 12402 1320434459
12362 15819 1308275275
12362 18465 1325810763
12362 16371 1329248317
12377 12380 1295629038
4129 5550 1295958305
6761 12799 1297119510
6761 27876 1352279019
5831 25983 1346075687
12366 12389 1295671077
12397 12309 1296104648
12410 12714 1296809456
12390 12361 1295820325
12466 13906 1301092780
5550 5550 1296092422
11898 12487 1295991268
12487 22580 1333565066
11046 12491 1296014601
11046 22490 1333073487
12491 12491 1296017948
11059 12723 1297126263
10670 25400 1343795141
12518 14878 1304532799
12520 12519 1296080912
9915 14082 1303155395
9915 17204 1316619143
9915 11859 1318598924
12532 12532 1296199067
9804 14974 1334264846
11976 11976 1296154727
7718 7718 1317456167
12558 21979 1331335673
12591 12591 1296376210
12606 12606 1299301006
12631 23648 1340859975
57583 15129 1315001297
12662 12662 1296577263
12676 12679 1296651104
12699 12041 1297966650
12706 9516 1309271804
12706 20674 1343349099
12710 12714 1296807600
12735 12734 1296873221
12647 19142 1344033315
12761 12840 1297308044
12763 12759 1296993795
12774 25258 1342899561
5017 26261 1346972043
12723 12693 1297253105
12751 16855 1312982272
12823 21626 1329958143
12832 14013 1301734131
12832 13628 1301744232
12824 12860 1297317447
12824 26522 1348095373
12847 14335 1302697829
10828 23115 1335096006
12877 12875 1297364820
9156 24542 1340071819
12907 12929 1297543155
12907 13091 1298214784
12909 27341 1352207864
12844 12928 1297538326
12927 12937 1297565592
12927 12993 1297816136
12927 13569 1299941663
12932 12931 1297554019
12987 12986 1297794900
13006 13038 1298013130
13015 13015 1297967074
13014 13014 1298356545
13014 13206 1298549342
13027 16750 1314781184
13038 22098 1331587660
36687 13050 1298005470
13050 13055 1298030358
13050 13109 1298247966
13008 13064 1298068560
13072 13085 1298145871
12996 12996 1298598170
12996 21701 1353041458
13078 13078 1298991521
13074 21067 1328177819
13087 16639 1313288416
13061 14123 1331167124
13061 15606 1333130604
12039 12039 1301193811
13108 17100 1313240512
13108 20870 1334318287
13107 13107 1299368027
12653 19664 1335569849
13144 13145 1298344938
13150 13154 1298368670
13160 13158 1298394162
13173 21374 1329542378
13189 13184 1298511854
13199 13121 1298518645
13215 21483 1349493541
13249 13247 1298693700
13245 19836 1323673023
8707 25995 1346112800
13263 13341 1299063465
13263 14574 1304850006
12383 13486 1299636822
12383 27381 1350671517
13151 13615 1300046481
13151 11661 1323515686
12563 13307 1298958704
8379 7816 1333370480
8379 12565 1334716276
13278 13277 1298828784
13279 13279 1300196513
13292 27235 1350499765
11938 18334 1322176540
13358 18960 1320252615
11661 22892 1334371020
13393 16846 1312127639
13402 13394 1299262000
13420 10148 1299307792
10316 13881 1301024728
13447 13447 1299532023
13464 13464 1330327441
13475 16704 1311574253
12879 14124 1302118868
13481 14771 1304801929
13489 13488 1299569572
13488 15331 1349040339
13508 13508 1334980698
6429 15821 1333495533
13547 5546 1300980534
13550 13550 1299827715
13559 16751 1314782558
13559 18512 1322390708
13559 27301 1350432956
12722 13584 1299913644
12722 14456 1303033031
12722 16792 1323103438
13400 13893 1301079598
13400 17042 1313424564
13400 27261 1350335350
13611 13608 1300013166
13627 13607 1300074719
13607 15422 1306591936
10482 15696 1308080564
13663 13413 1300221330
13679 13673 1300264758
13673 14009 1301456767
13289 24313 1343354012
13718 19835 1323439466
13738 13737 1300461901
13742 13981 1309965956
13742 19582 1323206912
13742 14806 1349307584
13741 21171 1328554780
13751 13755 1300517371
13726 13816 1300785368
13816 5661 1307049969
13799 13824 1300819747
13827 18546 1318659722
13827 20631 1327984687
13838 10777 1300856325
13842 21711 1337019787
13842 14802 1337020382
12386 12386 1300987924
13863 19111 1321007017
13863 16646 1337244040
13691 13875 1300996512
13691 13877 1301004052
13691 13904 1301091650
13881 13890 1301025668
13898 17926 1316470295
13913 13915 1301112330
13927 13331 1301185978
13331 15640 1307491122
13922 13922 1301300368
13948 14013 1301474959
13938 13951 1301282579
13938 13788 1301502828
13938 19337 1321573400
13959 13960 1301336552
10304 13984 1301406386
13000 13978 1301390998
13941 13941 1302438751
14049 13983 1301573427
14056 14053 1301601483
14063 14063 1301634228
14063 21528 1332704648
13753 18805 1319680647
14074 16530 1311020314
5152 5152 1314510315
14105 19702 1323087321
10443 16894 1313103941
10443 18141 1317699386
14123 9065 1331459553
14054 15073 1305969745
14143 14494 1303603887
14148 14702 1307832676
14147 14157 1302059537
13363 17271 1313890524
14161 14156 1302062541
14155 17764 1316593735
14187 14241 1302462794
12640 18974 1330294230
7599 26600 1348082933
14233 14233 1302554546
14233 17465 1314659057
14253 14114 1302484256
14255 14260 1302517034
14289 14289 1316234027
14289 18108 1317188299
14322 14325 1302679523
14324 14712 1303910437
14324 19989 1324000556
14340 13506 1304765509
14340 15424 1342947581
14127 14127 1302757212
14359 17945 1316671870
14371 14476 1303126401
14362 15358 1306375967
14385 14848 1331087359
14312 14485 1303169470
14436 14436 1305152600
14442 14437 1302975645
14494 14494 1303265287
13384 15597 1307402217
14462 22620 1334893925
13684 15445 1306701904
14468 14464 1303086310
2026 13874 1303139980
7725 16282 1310035703
7725 19773 1323231418
14481 14509 1303223076
9481 14561 1303347221
14510 15423 1306593704
14512 22232 1332123260
14514 14514 1318380046
14546 14541 1303311703
4814 22247 1332194197
14552 23548 1336600642
14534 18372 1318148398
14107 16315 1310334286
14454 14454 1342078574
14593 14711 1303894881
14621 17077 1313036019
14624 14626 1303615442
14626 24762 1340877135
14628 14993 1305666644
14628 22073 1352276239
14632 14644 1303625799
44243 27773 1352132816
14664 14663 1303754311
14163 18578 1318842213
14667 18115 1317254282
14694 14361 1304524973
14712 14417 1303919631
14716 14288 1303964473
13373 13373 1304211580
14753 6325 1304031209
6325 24417 1339616702
14743 14361 1304483927
14794 19784 1323757359
14441 17735 1315807933
14788 15295 1306116745
14806 15438 1306672396
14809 19576 1322547444
14705 14816 1304279237
5496 10646 1310256283
5496 24328 1339317428
5496 16409 1347856813
14865 14865 1304655194
14865 14939 1304829879
14869 12356 1325025914
14869 20204 1336666801
14878 22342 1332490527
14878 23345 1335843075
14689 12781 1304943437
14896 14098 1304635089
14916 15254 1305929961
14940 2197 1305066165
14958 15040 1305190329
14961 19199 1321078443
14975 14971 1304986112
14971 14971 1305389993
13385 13385 1306447027
14807 15056 1305284461
14807 25740 1346588823
15021 15021 1305994555
15031 15794 1308161651
15032 22635 1342851305
15020 15020 1305230271
15058 16395 1310522983
15056 26931 1349228540
15073 15227 1305896081
15111 15118 1305461548
15112 15110 1305429950
15129 15388 1307589016
15129 27559 1351260563
15133 15133 1305556452
15181 15181 1305775204
15181 16957 1312857410
14708 32332 1306340395
15265 13736 1305990370
15268 16839 1323169511
15274 15274 1306008389
15247 18116 1322786164
15311 16058 1309288089
12668 12668 1334864738
15379 15427 1306690010
15385 15385 1336008966
15404 15404 1307402883
12878 23388 1336455093
15409 15324 1306696316
15324 15486 1306942624
15324 16034 1309204776
11773 17212 1313628984
11773 27941 1352605191
15331 15417 1306562820
15417 15700 1307732354
15440 15435 1306688049
15443 12135 1306698315
15457 18317 1317863358
15463 15479 1306817087
15477 17787 1316023035
15488 21962 1331176420
15488 27013 1351830503
15486 25102 1342228641
15484 13554 1307695409
15493 16478 1310749339
15482 21701 1333027984
13562 15520 1306963581
15541 4315 1310491906
15541 16654 1311379094
15541 19048 1320643087
15242 15242 1339199232
15544 15525 1307062146
15525 16113 1309564167
27140 26353 1349900912
15620 14910 1307405174
15620 15620 1322512732
15017 16280 1310031692
15638 27385 1350671461
15642 18119 1317778695
15642 12436 1317871345
15388 17513 1339909758
8426 1190 1352429380
15688 15555 1307676153
15700 15700 1313421329
15478 24580 1340792581
15728 17277 1313909121
15632 17927 1316473500
10972 15696 1307925609
15708 15746 1307963074
15746 15750 1307979381
15746 22630 1333526244
15752 15820 1308586717
15752 15914 1308668031
15615 15615 1308014901
15765 1199 1322239983
15785 15798 1308173027
15792 12400 1325257772
15672 24565 1340159407
1043 15813 1308256895
15777 15777 1308296562
15630 19146 1320893019
15828 18961 1320357611
15841 15839 1308322192
21125 21125 1328402729
15869 15863 1308448714
13602 15871 1308453728
13602 17089 1313127078
13602 21938 1332728458
15882 16103 1309474104
15890 15890 1308535170
15918 15918 1308755119
15921 16910 1312338881
15931 15928 1308723110
15933 16048 1314052430
10833 22943 1334605517
15951 1981 1309376631
10646 17721 1315701739
14744 19206 1321141814
15626 16320 1310210919
15626 15626 1322896319
16012 16012 1311631066
16036 17203 1313617524
16036 17522 1314889376
15429 15429 1309231625
16049 22111 1331847782
16048 24485 1346014578
16044 16044 1320533345
16064 16066 1309302931
12425 16120 1309595661
12425 16996 1312703450
16023 16023 1309368018
16087 11040 1315487923
16107 16107 1311304597
16107 19934 1325063357
16132 16287 1310056217
16132 18678 1319167923
16203 16142 1309947930
16117 27365 1351364538
16275 16260 1310014641
16325 16317 1310228583
16325 22677 1333755121
16178 17007 1312819575
16178 17074 1313035215
16178 17894 1340722535
16323 16323 1314623695
16343 15326 1310691429
16343 16549 1311045189
16367 16373 1310462734
16367 16367 1311511519
4315 16600 1311284432
16386 16348 1310505489
14246 10986 1310516813
16389 17228 1313696321
12637 21505 1336590292
16082 16082 1343673794
16425 17682 1323051611
16428 16428 1311296194
16007 16835 1312076756
16007 24591 1340385491
15684 16480 1310760559
15684 18420 1318341549
15289 22885 1334345065
15289 19433 1334963932
16494 25179 1342564646
2246 19429 1321917509
2246 19373 1321928271
16511 16529 1311020195
16529 16571 1311112812
16530 17082 1313074418
16537 22980 1339207131
16561 16013 1311076569
16571 18855 1319995490
16554 10776 1332892051
16548 16548 1311218411
16575 16575 1311298683
14319 14319 1311331592
13883 13883 1311390538
16669 16669 1311567506
16673 16689 1311498611
11359 11359 1311436290
11359 16917 1312359436
16622 16859 1312184066
15046 16767 1312576069
16738 16739 1311736328
16739 2138 1325083964
16758 16758 1312409867
15280 17217 1313661502
16722 16722 1312045756
16722 17337 1314224151
16757 16757 1312077157
16761 24604 1341828074
16801 23115 1335094653
16144 16813 1311978371
16809 18969 1321775719
16823 16399 1311994498
16839 16839 1325231603
14304 16842 1312128659
16858 22295 1347133334
16858 16858 1348773048
16882 21710 1330502510
16883 25947 1353281260
16887 16900 1312321202
16914 27364 1350633122
16923 16924 1312392151
16923 16925 1312394579
16934 17332 1314301171
16934 18011 1333569046
16948 16505 1312476660
16872 16447 1315298417
16952 16952 1312557674
16972 16972 1312576308
16940 16940 1312770193
16686 16492 1312790934
16969 16969 1312832870
17016 6084 1312883127
17016 17054 1312981319
16957 16957 1312927046
17008 17008 1312936182
17035 21704 1330217327
17053 5679 1318541451
17053 21337 1330140924
16937 5679 1318452882
14492 16155 1313102683
17079 17087 1313117944
17098 18431 1318305665
17098 19391 1321771276
17104 17069 1313132223
17073 24202 1338789940
17050 651 1327758670
17128 16637 1313282286
16639 19034 1320500301
16639 19206 1321235372
16939 16939 1315167326
17218 10135 1313662490
17218 17277 1314796368
17300 17300 1314136780
17306 17306 1314174616
17325 17345 1314146968
17255 25766 1351377434
17350 17350 1316318746
17332 17423 1314465573
17349 17360 1314217456
17360 18154 1317324573
17353 17353 1314248052
17384 17388 1314321304
17388 17445 1314572459
17388 18327 1317892981
16185 16185 1343231945
16185 26032 1349385725
16750 12904 1319694021
17417 27574 1351311533
17422 17422 1314807126
17441 13704 1314544555
13704 12400 1324256308
17443 17443 1315025197
17456 17598 1315236725
17476 21690 1332243036
17362 17362 1314731456
17497 17495 1314774971
17492 22456 1332921290
17502 17452 1314788950
17452 16845 1314811800
12402 17761 1317888493
16845 22601 1333437527
12069 15327 1344885989
17539 17536 1314945303
17253 26620 1348017366
17551 17551 1315436167
15539 21253 1328798835
17596 19649 1325374557
17596 24987 1341805206
17600 17600 1315324120
17600 18645 1334971846
5900 18606 1319007377
17614 15332 1324003050
17545 17545 1315688942
17637 19649 1322895400
17637 17637 1333905630
17705 17701 1315632183
6263 26361 1347332040
16675 17791 1316019471
17798 17798 1316209313
17807 17802 1316066678
17802 17803 1316110140
11555 9031 1316083381
17780 17780 1348250116
17780 26668 1348186327
17846 5505 1326888896
17846 22278 1332332254
17880 17878 1316281190
17883 17882 1316296293
17883 17883 1332527587
17888 17888 1316418085
17907 18041 1350171930
17907 23501 1353484307
14499 17923 1316465046
17734 25080 1345828070
17734 24165 1350978249
17945 20353 1328141041
17956 17294 1316554193
17980 18107 1317888394
17994 18006 1316741741
2647 2647 1316799830
17879 18373 1318107503
17879 20989 1336014544
18025 18012 1316814784
18030 18027 1316840106
18030 20387 1325817576
18051 18051 1317021470
18064 18064 1317034517
18072 13947 1317063161
18077 18079 1317094421
18077 19772 1323227264
17193 20673 1326845770
17193 9101 1343702329
18078 18115 1317213814
18116 19355 1337267370
16215 14393 1337566579
16215 22694 1351089104
18168 18163 1317347129
18181 19229 1321236005
18181 19254 1321309623
18184 21743 1317499573
18119 7455 1322862086
18119 19229 1322866230
18204 18353 1318002228
18241 18237 1317608429
18256 22476 1333037248
18291 22224 1332088863
18313 19265 1321319865
18372 20077 1324354763
18372 20175 1324965268
18382 18381 1318120484
18376 18376 1318129855
1997 18503 1319515021
18410 18406 1318249000
18406 10640 1318321178
18406 19379 1322025957
16193 19985 1323986328
18425 18441 1318320660
18446 18446 1318360084
18465 18662 1320874643
11528 18450 1318456331
18478 12750 1321002720
18503 22010 1331310863
11859 22029 1334940289
18534 18579 1318853615
18571 18645 1319051622
18571 18951 1320212554
14895 19282 1321480024
10927 10927 1318956863
18449 18449 1318959982
18630 18626 1319008914
18642 18642 1320165422
18662 16371 1329275335
3072 22829 1334613586
3072 25781 1345337371
5429 11978 1319397199
11978 20085 1324420385
18729 18755 1319772592
18749 27712 1351883942
18749 27890 1352435563
18757 22001 1331287355
4566 21237 1328756415
18818 18861 1319844173
18836 19145 1320889627
18839 20136 1324640053
18889 20803 1335895171
18939 20597 1346146744
18965 24644 1340414508
18996 18995 1320353573
19045 11599 1344202978
19048 19048 1322107902
19047 19209 1321147158
19063 18894 1320646879
19063 19624 1323067968
19084 19083 1320700712
19083 19085 1320703335
19115 19150 1320897292
19132 19152 1320898080
19149 19182 1321011173
19149 19149 1322016666
19129 41060 1351016411
19184 19184 1321130612
19189 7519 1337617028
19203 16131 1321112857
19229 20529 1342689684
19278 19278 1321364848
17828 17828 1343245751
11733 24393 1339538103
13284 22662 1334212962
18349 25035 1341997142
19318 21636 1329965423
16054 19500 1322195666
19334 19356 1321658055
19334 21005 1351505073
8106 24547 1344928092
8106 27360 1350639411
19350 14214 1321632037
19378 21528 1330216309
19394 19654 1322782303
19444 20746 1327650289
19379 19379 1322465277
18228 19438 1322105345
18228 23247 1335578794
19433 19433 1322252289
19534 20850 1327449813
19516 7519 1325270963
19545 19545 1322460664
19493 20015 1324105552
19493 22917 1334544805
19639 24586 1348242021
11791 20646 1326873055
7530 19926 1325866228
19693 19697 1322885918
17875 11546 1329651912
19706 73942 1331554481
19367 25260 1343454568
11546 27656 1351550447
18938 27853 1352202541
19753 19643 1323141173
19643 31339 1323166644
19582 24236 1338930485
19774 22712 1333783609
19822 19822 1323451408
19848 16762 1323525505
16762 21278 1349474692
19874 19874 1336953496
19881 22429 1332849480
19889 17898 1323941955
19597 19597 1323815343
19929 21676 1331062873
19929 9870 1334952118
19934 19970 1323936862
19934 20005 1324071531
19965 18592 1324200797
19969 22773 1334006379
19969 23323 1335766678
20005 21405 1329360361
19945 20137 1324648582
20063 20086 1324410198
20070 19076 1324342669
19637 20497 1326330843
19637 22023 1331335364
20073 17528 1324346903
19008 19008 1327571841
20027 20027 1325784926
20114 20111 1324541860
20101 19691 1327049525
19731 2138 1325038235
19731 21069 1328233934
20127 22996 1334752387
20146 19730 1324716347
16380 20258 1325305102
12766 17623 1325010168
2138 20318 1325539859
20208 20212 1325046272
20254 20247 1325191660
20260 20255 1325206964
20341 18798 1326750397
20341 20777 1327184063
20343 10384 1330758172
20343 22161 1332049660
17822 22425 1333468251
17822 15327 1344964413
16139 20404 1325900170
19938 14925 1340198515
20417 18942 1329234430
20458 20458 1326180344
20506 20867 1327471986
20626 20629 1326752038
20696 20716 1326942571
20696 20778 1327164311
12651 21100 1338904742
20716 22996 1334752840
20732 20806 1327612519
19691 19691 1327021576
20521 20631 1327023132
20750 21779 1332348061
20748 20748 1327203959
20748 20896 1327601027
20754 15919 1327096643
20752 20752 1327097876
20768 22247 1340686910
20793 27052 1349574754
20746 22475 1333346945
20804 25889 1346736562
20804 26845 1349212615
20823 20833 1327376062
20833 36572 1336347226
20852 20812 1327423334
17896 22293 1334094091
17896 27562 1351265723
20870 20869 1327478015
20886 22343 1332490806
16716 20922 1327681493
20734 20905 1327635491
20905 20905 1328070046
10028 10028 1327663606
20919 20919 1327665464
20887 20887 1327756328
651 27020 1350214302
20995 21027 1328040443
20995 20995 1328490239
21002 13980 1327990668
21019 21007 1328020997
21025 21020 1328033168
14207 14207 1328092842
20982 20982 1328139520
19593 29276 1353482980
14006 22088 1342068424
21075 23898 1337793000
21082 21070 1328228181
21083 21115 1328325437
21083 21295 1328927773
21028 7183 1341914586
20989 4874 1328340655
20989 22882 1334343470
21122 21146 1328465513
19544 23346 1336109964
19544 19544 1337278902
20026 17704 1328504322
20026 23876 1337722039
21162 27020 1352205086
21162 27969 1352522452
21163 21152 1328550183
21152 20809 1328951171
21179 21202 1328636758
21179 21179 1347378045
21183 21182 1328577961
20639 26834 1348810321
21202 21233 1328740050
21230 21230 1347637532
21242 21242 1328842008
7717 7717 1351495890
18044 27497 1351049809
21258 24907 1341516126
21302 21302 1330324903
21194 21194 1329098293
21349 21268 1330129374
21349 25440 1343788520
21349 23834 1347229205
21374 21479 1329514862
21428 21030 1329345456
21428 22718 1333814987
21435 9164 1329500007
20740 21445 1329432888
21480 21504 1329588414
21491 24912 1343846615
21452 21452 1330309389
21494 22369 1332601918
21494 24403 1339570673
21498 21557 1329719369
21536 20798 1329676422
21538 21545 1329701319
21576 21680 1330126276
21601 24461 1340313500
21622 21621 1329946967
21619 21759 1330408619
21665 36655 1330267022
21665 22085 1331528737
21675 21675 1330380302
21692 21687 1330185270
21700 21700 1349453982
21734 22500 1333068171
21765 21793 1330527982
21785 24024 1338212028
21787 21671 1333808747
21787 25341 1343279471
21779 21779 1346946867
21793 20284 1330522772
21817 21733 1330586868
21733 22325 1332473690
21825 22022 1331331620
21857 26102 1346427757
21857 28026 1352701247
20062 20062 1348235802
20062 22703 1333755576
21966 21966 1331480358
21979 14202 1331232429
21995 21969 1331287256
11444 24053 1338291625
21999 10747 1331833993
20099 22024 1331338202
22029 22027 1331393566
20561 20561 1331496610
5697 27201 1350121413
9065 28074 1352880069
14925 24727 1340759238
22083 22080 1331527221
22064 22064 1345959567
22064 27865 1352258080
73942 22141 1332372885
21810 25730 1345210344
21925 22196 1331957326
21864 20568 1341014304
19421 22553 1333264275
22094 22295 1332361704
21815 24580 1340676159
21815 24442 1340676670
21815 27853 1352201730
22157 21753 1331845521
22157 24208 1340751508
22167 20568 1331862814
22186 22156 1331932491
22191 22199 1331961245
11105 25125 1342338681
22201 27056 1350818900
22204 27590 1351369301
22150 21399 1332066476
22237 27659 1351553987
21965 14352 1336679965
21965 7156 1339367365
22250 22349 1332200123
21265 22252 1332208618
22260 23737 1337140576
22256 21429 1332516994
22279 22279 1336624466
22278 22556 1333277615
22141 24563 1341621710
22268 24139 1338542186
20781 20781 1352967759
22152 22152 1332456400
22294 22337 1332475147
13653 25811 1345551438
13653 26503 1347653028
22368 22733 1333854761
22368 23008 1335075248
22377 24154 1338602557
22377 27991 1352677760
22377 27831 1352685055
15187 22376 1332761289
22429 24433 1339664307
22429 27382 1350719448
22450 14218 1332904852
20325 22451 1332910397
22469 22173 1333077392
22492 22721 1333808401
17599 20931 1333059803
22496 22553 1333551801
22501 22510 1333088469
22503 22497 1333070210
22503 27232 1350264041
22173 22782 1334026343
22173 24231 1338915253
22523 22522 1333139096
20840 20840 1333350467
22561 22561 1333384471
22616 16042 1333493337
16042 22943 1334628813
16042 23387 1345237483
22620 22653 1333587316
22620 22647 1333591819
22625 22625 1333567659
22326 24501 1339949344
21868 24644 1350536865
22663 22663 1333622934
22669 10724 1334835506
22447 22385 1333751826
22447 22782 1334039175
13946 22700 1333751216
22748 22639 1333907890
22748 22769 1334903888
22722 22722 1333930530
22722 24076 1338783435
22727 23959 1339479395
22757 22008 1334009793
22757 25109 1342338505
22757 13148 1347906222
22008 23327 1341738757
22782 22812 1334127031
22802 22802 1334321917
22830 22829 1334189700
22833 22851 1334252714
22833 20829 1335416284
21652 21652 1334558119
21332 21332 1334369683
22906 22865 1334440006
22907 22916 1334474008
22917 24433 1351252971
19510 22969 1334677754
22977 22313 1334696770
12565 27431 1350942324
12565 27716 1352237148
22972 22972 1334843025
22996 23047 1334845918
23007 22761 1334774114
22984 23150 1335218550
23021 23018 1334797732
23034 23034 1335403827
23075 23083 1334968750
22841 22675 1334952685
22841 23108 1335063142
22841 6048 1340200842
23022 26361 1347677297
23086 23085 1334980747
23085 23085 1334984655
22216 27431 1352162175
9479 9479 1339698138
23204 23204 1337782102
23149 23149 1335212235
23200 23181 1335374427
23194 23194 1337348066
20829 20829 1335498233
13092 10448 1346498377
23229 23238 1335486906
23237 23740 1337152034
23222 12586 1336434494
23327 21641 1335785275
21641 23773 1338224162
24703 24703 1340691692
23388 23388 1336138077
23398 23397 1336005824
23297 24541 1340144319
23297 15327 1344961998
8537 8537 1337143342
23520 23523 1336448470
23534 25904 1345778878
22967 22967 1336672252
18289 23542 1347349530
23584 23582 1336632896
13360 19506 1339025128
22338 24446 1339689857
13729 23709 1337041446
13729 23843 1337574098
23028 27690 1351615404
23028 11674 1351763090
21201 27279 1350357848
23578 24333 1339488135
23778 23778 1337395321
23796 23789 1337543024
23789 23789 1341258095
23804 18264 1337414531
23812 22572 1337446909
18308 23810 1337481492
23661 11684 1348438049
23850 24267 1339034603
23856 23855 1337637934
23870 16666 1337697775
23915 23915 1337855770
23762 23948 1337962799
23935 12218 1341638159
21553 21553 1348707723
23959 23998 1338124281
23981 24143 1338650283
23981 24164 1338654309
23982 24016 1338178527
23991 23986 1338099630
23993 24682 1340609557
23998 24019 1338205141
23976 24035 1338245525
24048 24042 1338274389
24074 23164 1338349466
24076 24333 1339485128
24043 24112 1338442013
23944 23944 1338521438
24144 24144 1338567033
24150 24180 1338700342
24150 24150 1338921878
22741 15052 1340124863
22741 25384 1343490193
24165 10146 1349652514
24248 24228 1338965960
24228 14536 1340927513
24021 26178 1346730920
23373 24360 1339483006
23373 24408 1339601663
24360 27365 1351307669
24383 24379 1339513173
21278 24430 1339690130
24309 27882 1352396304
24396 24396 1339710304
24401 15004 1339558109
24403 24299 1339566359
24444 24430 1339688840
21574 25266 1345871055
24460 15114 1339720965
24478 24819 1341176609
24492 22345 1340254437
24502 24715 1340811339
24527 24576 1340202597
24542 24646 1340416707
24547 24853 1341311301
22345 24707 1340755410
24563 24563 1340892403
24611 24611 1343223679
24338 15540 1346036218
24442 26082 1346366670
23907 23907 1346764690
23835 24883 1341876850
24640 24636 1340404501
24641 12081 1340738024
24645 24670 1340570129
24661 24711 1340776966
24669 26585 1347924844
24700 24695 1340680288
24713 11949 1340891177
24769 24769 1341010586
14111 24994 1341829820
14111 27231 1350262750
24796 26517 1348288533
24820 24274 1341269970
24274 25047 1342040345
24844 24843 1341277089
24864 27552 1351242807
24604 24884 1341406036
24872 24872 1341730637
24978 24980 1341773179
24979 16941 1343413605
24993 25954 1346055590
24999 25004 1341870948
24999 25325 1343231239
25011 24901 1341887179
25013 25013 1341966320
25013 21940 1341955546
21940 9611 1349933934
25017 18498 1342204133
23917 27530 1351206630
25033 23013 1343278194
25080 25494 1349162970
25091 25091 1342832264
16035 16035 1343332812
13762 26296 1347134127
13762 25854 1352037908
25102 26600 1347973105
25099 25099 1344031235
25101 25244 1342833382
24952 25127 1342386452
25146 25184 1342577665
25156 25166 1342505850
25160 29241 1353397301
25179 25207 1342667475
25194 25194 1342592244
25209 25209 1342740049
16419 24392 1342691338
25247 24854 1348485735
22599 22599 1343008530
25312 25097 1343175801
25322 27111 1349819079
25243 25248 1343379361
24313 25490 1343968685
25260 16533 1343376048
25390 26052 1347397109
21014 25998 1346142520
25358 25932 1345865095
25452 25452 1343796944
25329 25458 1343833254
25458 25465 1343862966
25476 25460 1343894922
25486 25455 1344237476
17086 17086 1344172638
25484 25552 1344272969
25105 25497 1344053487
25530 25560 1344299224
25565 38434 1344313970
25577 1190 1344375202
1190 24637 1347467769
25580 25580 1344460225
25585 25585 1349329835
25602 25602 1345144521
11841 26226 1346939902
25770 25772 1345282350
25770 25775 1345292247
25799 26202 1346795156
25807 27220 1350711498
25807 6999 1353061604
25854 27909 1352815779
25852 25935 1345871754
9271 11527 1346427109
25956 25954 1345992139
25947 27494 1353461962
25985 24787 1346077655
25995 25995 1346941523
26017 26017 1349032347
26009 26030 1346250597
26041 26327 1347276847
26041 26354 1347297692
23542 24586 1348065953
26080 26080 1353195806
26137 23016 1346549670
26152 25665 1346617704
26140 26156 1346631517
26140 26195 1346782534
26200 26194 1346793942
16445 16445 1348602031
26300 26291 1347104057
26327 18338 1347206333
26059 26369 1347358416
26059 17509 1350009562
26369 26369 1347371676
26397 26400 1347401343
26459 26726 1348546528
26459 26825 1349046755
26486 26486 1347616087
26018 26489 1347592815
26018 19283 1347896789
26018 6045 1349453121
25051 27188 1350101864
25051 28052 1353151170
26520 26375 1347683629
26375 26722 1348381298
26522 26545 1347775916
26600 26644 1348095647
26656 26594 1348130106
26220 26630 1348151784
26672 27967 1352548518
26250 26250 1348324970
26691 26691 1349293595
26653 26653 1348274698
26778 27084 1349725268
26380 26812 1348717440
26809 26823 1348775105
26823 26825 1348775116
26825 26844 1348929956
26845 26845 1349733760
26862 26862 1348979013
26860 26901 1349032175
22976 22976 1349415652
27011 27013 1349428541
25999 25999 1349415568
27018 27018 1351421879
7712 27016 1349486536
27047 27032 1349561494
27049 27042 1349566320
27056 27110 1349813056
27041 23950 1351013707
27178 23950 1350700949
27189 18180 1350582903
26474 27205 1350132095
27233 27229 1350259078
27229 4497 1350546599
24119 27957 1352484484
27261 25613 1350324029
27261 27345 1350577313
26674 26674 1350366457
27287 26580 1350401508
27293 27293 1350419009
27341 27341 1351428660
27380 27375 1350662972
15023 27382 1350715803
27417 27412 1350824188
27402 27486 1351026768
27441 27457 1350942218
23689 27222 1351055881
27499 27513 1351103113
27164 27164 1351112998
27564 28192 1353225562
27576 22468 1351313072
27588 27586 1351366553
27681 27677 1351600313
27724 27728 1351811917
27724 27734 1351818292
27729 27729 1351815669
27729 27740 1351827385
27761 27118 1351878643
27781 27789 1352516620
27822 27829 1352130308
27829 27924 1352420330
27773 19850 1352131769
27869 27869 1352247297
27890 27954 1352481225
27890 28144 1353059462
27991 27991 1352757365
28052 28190 1353217956
28052 28204 1353271740
27960 28106 1352952678
28069 28068 1352841249
28147 28159 1353116645
28151 28200 1353266787
25062 26689 1353118288
26689 23053 1353465058
