5715 7518 1283876940
5731 12596 1296340270
4221 6301 1334448272
5822 16698 1311553637
5827 5825 1273017361
4555 8403 1281955586
4701 10673 1301963246
5960 5934 1273343293
5924 15589 1307229307
5973 12695 1314737087
5986 20430 1326002588
5706 2063 1315640422
5998 13969 1302653328
5993 5766 1273523675
5736 5548 1273557905
5724 12295 1295410836
6066 10639 1295643997
3213 5988 1273935387
6159 25468 1343872261
6167 6166 1274243745
5428 19682 1322864369
6235 6223 1274491446
6249 9853 1286530553
6266 6563 1275714938
6277 6517 1275617934
6290 4571 1274749805
4037 18505 1319592804
1055 17458 1324099626
6324 5977 1274903402
6327 6326 1274895706
6343 6369 1275046618
6366 6388 1275076275
6389 15877 1308745451
6433 6475 1275424397
6441 6435 1275276665
6466 13059 1299170962
6476 6483 1275443343
6484 6655 1276027684
6496 24435 1339656165
5795 17768 1316426398
6549 6557 1275702981
6594 9611 1349933990
6701 13834 1300982814
3441 7589 1279092180
5610 13062 1298063737
6801 22073 1352353609
2416 8393 1281577749
6882 1669 1298595278
6858 17111 1313390811
6961 12968 1347847415
6966 6975 1277312010
3988 7772 1289613804
7023 4954 1281044576
7028 6853 1284678374
7053 7142 1277763417
7057 8638 1282284557
7092 6994 1280553466
7101 7129 1277711133
1907 23106 1335084954
7165 8424 1281657115
7205 7072 1277981992
7231 7229 1277982583
7257 4392 1278448042
7262 7325 1279325446
3428 7203 1278186202
7364 23267 1335555180
7238 12105 1334191530
6949 30412 1346268205
7258 7477 1278740972
7461 7467 1278712872
7499 10763 1290275317
7512 7510 1278983998
7520 3027 1278988283
6771 25383 1343491679
7705 20321 1325542673
7727 7726 1279510858
1816 7686 1279549310
7765 23862 1352415528
7821 7817 1279798517
7834 8789 1286233562
7895 17503 1349018193
7914 21389 1329242699
7911 7929 1280214534
7931 7878 1280250584
7779 23122 1335218620
7967 26746 1348496403
7993 7428 1280372851
7990 16438 1308613249
8004 12947 1297592133
8019 10043 1287082372
8041 15396 1306482615
8135 25861 1345679174
8168 11186 1291160161
8196 13396 1299290848
8234 8214 1281272919
8253 8274 1281391164
8294 10223 1287656907
8341 23827 1344337058
8368 8361 1281513991
8431 8399 1281704220
8358 20021 1324216371
8565 8614 1282218299
8579 8585 1282153012
8601 8599 1282184984
8604 12395 1295738755
8003 18730 1325125684
8628 10995 1290380868
8636 9785 1286243820
8694 8712 1282531501
8128 8720 1282555637
3519 24726 1340761043
8788 8744 1284388293
8721 14548 1304788018
8802 8905 1283270379
8798 25763 1345257531
7443 23457 1336174113
8786 26248 1346948436
8736 7790 1285167205
8882 8885 1283191689
8883 18693 1329927280
8940 8952 1283405733
8987 8984 1283550461
9002 9008 1283613381
9014 16080 1309361996
1673 5958 1283803269
9124 11632 1303501589
9126 9123 1284098125
4903 11244 1291289453
9172 9202 1284397695
9220 9223 1284493854
9114 11255 1291320055
7979 18384 1320073297
9246 11651 1292647553
9237 9338 1284853068
9154 18823 1337124725
9301 9266 1284805057
9253 10850 1290006839
9347 10943 1296645374
9354 9372 1284971697
3655 9369 1284961668
9404 14763 1304051639
9431 9721 1285985878
9468 9470 1285273581
9455 4165 1292015700
9504 19906 1323749434
8363 7987 1295309469
9569 9625 1285798135
8974 17550 1314997622
9661 27760 1353443128
9714 13618 1300051327
4019 9732 1286016601
9769 12835 1297231609
36067 17121 1315554610
9792 9798 1286261863
9810 9807 1286318006
9800 21208 1328649551
9818 9835 1286392631
9094 10977 1290299203
9823 9869 1286486033
9899 12047 1294296372
9926 9968 1286880671
9932 9680 1299218892
9712 9951 1286835277
9952 9913 1286837398
6588 7611 1288240478
7576 12450 1295926330
9565 18492 1318527268
9667 10097 1287247813
10112 10104 1287295483
9458 12234 1297883599
10118 10124 1287342393
10155 10193 1287582888
10189 10386 1288250687
9858 20484 1326254579
10286 23440 1336113118
10299 17719 1315692249
10204 13520 1299676445
10317 10343 1288125498
10327 10954 1290200264
10331 19191 1321057352
10453 10402 1288489785
10549 10555 1288862837
10570 11964 1307159178
5115 10611 1289071724
6793 9793 1292337605
10679 16989 1313433540
10708 24935 1341972376
10814 27151 1349933840
10749 14576 1303397811
8162 10861 1289914005
10857 10887 1290042916
10547 24766 1341006208
11019 15693 1321661413
11043 17565 1319511704
11071 17160 1313433405
10111 12998 1298095903
11094 20033 1332199705
11172 11177 1291092274
2056 19964 1330739597
11206 13935 1321767698
11220 13437 1299415373
10712 15872 1318985664
11291 8707 1311455553
11264 37099 1325567203
9581 22973 1334744022
11124 20037 1324219906
11414 22873 1335671738
11498 11522 1292182704
11556 10663 1292320664
7409 11575 1292401998
11588 11601 1292469356
11595 26388 1347383429
11629 12965 1297669874
2019 11630 1292571695
11670 17644 1337048448
10001 13024 1297927442
11745 15573 1307141962
11761 11730 1293006329
11662 11764 1293017002
11796 10061 1293153023
11800 8941 1293175052
11830 12132 1294675507
11821 11838 1293405702
11846 20196 1348030223
19943 19905 1323868895
11947 20323 1325548857
11974 11970 1294083332
8202 19881 1331962767
12082 18131 1327138883
12057 17489 1314931599
12126 21317 1328990537
11608 6770 1296321286
12170 14200 1308310159
12213 12036 1295041191
6542 15308 1321313544
12064 17986 1316744331
12249 12650 1296536727
12336 17987 1316655608
12377 12380 1295629038
12366 12389 1295671077
12397 12309 1296104648
12466 13906 1301092780
11046 22490 1333073487
12520 12519 1296080912
9804 14974 1334264846
12631 23648 1340859975
12676 12679 1296651104
12699 12041 1297966650
12735 12734 1296873221
12647 19142 1344033315
12761 12840 1297308044
12763 12759 1296993795
12774 25258 1342899561
5017 26261 1346972043
12751 16855 1312982272
12823 21626 1329958143
12847 14335 1302697829
12844 12928 1297538326
12932 12931 1297554019
13008 13064 1298068560
13072 13085 1298145871
13074 21067 1328177819
12653 19664 1335569849
13144 13145 1298344938
13150 13154 1298368670
13160 13158 1298394162
13189 13184 1298511854
13199 13121 1298518645
13215 21483 1349493541
13249 13247 1298693700
13245 19836 1323673023
12563 13307 1298958704
8379 7816 1333370480
13278 13277 1298828784
13292 27235 1350499765
11938 18334 1322176540
13358 18960 1320252615
13393 16846 1312127639
13402 13394 1299262000
13420 10148 1299307792
13475 16704 1311574253
12879 14124 1302118868
13481 14771 1304801929
13547 5546 1300980534
13611 13608 1300013166
13663 13413 1300221330
13718 19835 1323439466
13738 13737 1300461901
13741 21171 1328554780
13751 13755 1300517371
13838 10777 1300856325
13898 17926 1316470295
13913 13915 1301112330
13948 14013 1301474959
13959 13960 1301336552
10304 13984 1301406386
14049 13983 1301573427
14148 14702 1307832676
13363 17271 1313890524
14161 14156 1302062541
14187 14241 1302462794
12640 18974 1330294230
14253 14114 1302484256
14255 14260 1302517034
14322 14325 1302679523
14371 14476 1303126401
14362 15358 1306375967
14385 14848 1331087359
14442 14437 1302975645
13384 15597 1307402217
13684 15445 1306701904
14468 14464 1303086310
2026 13874 1303139980
14481 14509 1303223076
9481 14561 1303347221
14510 15423 1306593704
14512 22232 1332123260
14546 14541 1303311703
14107 16315 1310334286
14593 14711 1303894881
14621 17077 1313036019
14632 14644 1303625799
14664 14663 1303754311
14163 18578 1318842213
14716 14288 1303964473
14794 19784 1323757359
14441 17735 1315807933
14788 15295 1306116745
14705 14816 1304279237
14689 12781 1304943437
14896 14098 1304635089
14916 15254 1305929961
14940 2197 1305066165
14958 15040 1305190329
14961 19199 1321078443
15031 15794 1308161651
15032 22635 1342851305
15058 16395 1310522983
15056 26931 1349228540
15111 15118 1305461548
15112 15110 1305429950
14708 32332 1306340395
15265 13736 1305990370
15311 16058 1309288089
15379 15427 1306690010
15440 15435 1306688049
15443 12135 1306698315
15457 18317 1317863358
15463 15479 1306817087
15477 17787 1316023035
15486 25102 1342228641
15493 16478 1310749339
15482 21701 1333027984
13562 15520 1306963581
27140 26353 1349900912
15017 16280 1310031692
15638 27385 1350671461
15642 12436 1317871345
15388 17513 1339909758
15688 15555 1307676153
15478 24580 1340792581
15632 17927 1316473500
15765 1199 1322239983
15785 15798 1308173027
15672 24565 1340159407
1043 15813 1308256895
15630 19146 1320893019
15841 15839 1308322192
15869 15863 1308448714
15882 16103 1309474104
15921 16910 1312338881
15931 15928 1308723110
10833 22943 1334605517
15951 1981 1309376631
10646 17721 1315701739
16049 22111 1331847782
16064 16066 1309302931
16087 11040 1315487923
16203 16142 1309947930
16117 27365 1351364538
16275 16260 1310014641
4315 16600 1311284432
16386 16348 1310505489
14246 10986 1310516813
16389 17228 1313696321
12637 21505 1336590292
16425 17682 1323051611
15289 22885 1334345065
16537 22980 1339207131
16561 16013 1311076569
16554 10776 1332892051
16673 16689 1311498611
15046 16767 1312576069
16738 16739 1311736328
15280 17217 1313661502
16144 16813 1311978371
16809 18969 1321775719
16823 16399 1311994498
14304 16842 1312128659
16882 21710 1330502510
16887 16900 1312321202
16948 16505 1312476660
16872 16447 1315298417
16686 16492 1312790934
17035 21704 1330217327
16937 5679 1318452882
14492 16155 1313102683
17079 17087 1313117944
17104 17069 1313132223
17073 24202 1338789940
17128 16637 1313282286
17325 17345 1314146968
17255 25766 1351377434
17332 17423 1314465573
17417 27574 1351311533
17456 17598 1315236725
17476 21690 1332243036
17497 17495 1314774971
17492 22456 1332921290
17539 17536 1314945303
17253 26620 1348017366
15539 21253 1328798835
5900 18606 1319007377
17705 17701 1315632183
16675 17791 1316019471
11555 9031 1316083381
17880 17878 1316281190
14499 17923 1316465046
17956 17294 1316554193
17980 18107 1317888394
17994 18006 1316741741
17879 18373 1318107503
18025 18012 1316814784
18072 13947 1317063161
18168 18163 1317347129
18181 19254 1321309623
18184 21743 1317499573
18204 18353 1318002228
18241 18237 1317608429
18256 22476 1333037248
18291 22224 1332088863
18313 19265 1321319865
18382 18381 1318120484
18425 18441 1318320660
11528 18450 1318456331
18478 12750 1321002720
18534 18579 1318853615
14895 19282 1321480024
18630 18626 1319008914
18729 18755 1319772592
18749 27712 1351883942
4566 21237 1328756415
18818 18861 1319844173
18836 19145 1320889627
18839 20136 1324640053
18889 20803 1335895171
18939 20597 1346146744
18996 18995 1320353573
19045 11599 1344202978
19047 19209 1321147158
19115 19150 1320897292
19132 19152 1320898080
19129 41060 1351016411
19203 16131 1321112857
11733 24393 1339538103
18349 25035 1341997142
19318 21636 1329965423
16054 19500 1322195666
19350 14214 1321632037
19378 21528 1330216309
19394 19654 1322782303
19534 20850 1327449813
11791 20646 1326873055
19693 19697 1322885918
18938 27853 1352202541
19582 24236 1338930485
19774 22712 1333783609
19889 17898 1323941955
20005 21405 1329360361
19945 20137 1324648582
20063 20086 1324410198
20070 19076 1324342669
20073 17528 1324346903
20114 20111 1324541860
19731 21069 1328233934
20146 19730 1324716347
16380 20258 1325305102
12766 17623 1325010168
20208 20212 1325046272
20254 20247 1325191660
20260 20255 1325206964
17822 22425 1333468251
16139 20404 1325900170
20417 18942 1329234430
20506 20867 1327471986
20626 20629 1326752038
12651 21100 1338904742
20732 20806 1327612519
20521 20631 1327023132
20754 15919 1327096643
20793 27052 1349574754
20804 25889 1346736562
20852 20812 1327423334
20870 20869 1327478015
20886 22343 1332490806
16716 20922 1327681493
21002 13980 1327990668
21025 21020 1328033168
19593 29276 1353482980
14006 22088 1342068424
21075 23898 1337793000
21082 21070 1328228181
21028 7183 1341914586
21122 21146 1328465513
21183 21182 1328577961
20639 26834 1348810321
21202 21233 1328740050
18044 27497 1351049809
21258 24907 1341516126
21435 9164 1329500007
20740 21445 1329432888
21480 21504 1329588414
21491 24912 1343846615
21498 21557 1329719369
21536 20798 1329676422
21538 21545 1329701319
21576 21680 1330126276
21601 24461 1340313500
21622 21621 1329946967
21619 21759 1330408619
21692 21687 1330185270
21734 22500 1333068171
21785 24024 1338212028
21825 22022 1331331620
21995 21969 1331287256
11444 24053 1338291625
21999 10747 1331833993
20099 22024 1331338202
5697 27201 1350121413
22083 22080 1331527221
21810 25730 1345210344
21925 22196 1331957326
22094 22295 1332361704
22186 22156 1331932491
22191 22199 1331961245
22204 27590 1351369301
22150 21399 1332066476
22237 27659 1351553987
22250 22349 1332200123
21265 22252 1332208618
22256 21429 1332516994
22268 24139 1338542186
22294 22337 1332475147
15187 22376 1332761289
22450 14218 1332904852
20325 22451 1332910397
22492 22721 1333808401
17599 20931 1333059803
22501 22510 1333088469
22523 22522 1333139096
22326 24501 1339949344
22669 10724 1334835506
22447 22385 1333751826
13946 22700 1333751216
22833 22851 1334252714
22906 22865 1334440006
22907 22916 1334474008
19510 22969 1334677754
23007 22761 1334774114
22984 23150 1335218550
23021 23018 1334797732
23075 23083 1334968750
22216 27431 1352162175
23200 23181 1335374427
13092 10448 1346498377
23229 23238 1335486906
23237 23740 1337152034
23222 12586 1336434494
23398 23397 1336005824
23520 23523 1336448470
23534 25904 1345778878
23584 23582 1336632896
13360 19506 1339025128
22338 24446 1339689857
21201 27279 1350357848
23804 18264 1337414531
23812 22572 1337446909
18308 23810 1337481492
23661 11684 1348438049
23850 24267 1339034603
23856 23855 1337637934
23870 16666 1337697775
23762 23948 1337962799
23935 12218 1341638159
23982 24016 1338178527
23991 23986 1338099630
23993 24682 1340609557
23976 24035 1338245525
24048 24042 1338274389
24074 23164 1338349466
24043 24112 1338442013
24383 24379 1339513173
24309 27882 1352396304
24401 15004 1339558109
21574 25266 1345871055
24460 15114 1339720965
24478 24819 1341176609
24502 24715 1340811339
24338 15540 1346036218
24442 26082 1346366670
23835 24883 1341876850
24640 24636 1340404501
24641 12081 1340738024
24645 24670 1340570129
24661 24711 1340776966
24669 26585 1347924844
24700 24695 1340680288
24713 11949 1340891177
24796 26517 1348288533
24844 24843 1341277089
24864 27552 1351242807
24978 24980 1341773179
24979 16941 1343413605
25011 24901 1341887179
25017 18498 1342204133
23917 27530 1351206630
25033 23013 1343278194
13762 26296 1347134127
25101 25244 1342833382
24952 25127 1342386452
25146 25184 1342577665
25156 25166 1342505850
25160 29241 1353397301
16419 24392 1342691338
25247 24854 1348485735
25312 25097 1343175801
25322 27111 1349819079
25243 25248 1343379361
25390 26052 1347397109
21014 25998 1346142520
25358 25932 1345865095
25476 25460 1343894922
25486 25455 1344237476
25484 25552 1344272969
25105 25497 1344053487
25530 25560 1344299224
25565 38434 1344313970
11841 26226 1346939902
25799 26202 1346795156
25852 25935 1345871754
9271 11527 1346427109
25985 24787 1346077655
26009 26030 1346250597
26041 26354 1347297692
26137 23016 1346549670
26152 25665 1346617704
26200 26194 1346793942
26300 26291 1347104057
26059 17509 1350009562
26397 26400 1347401343
26459 26726 1348546528
25051 27188 1350101864
26522 26545 1347775916
26656 26594 1348130106
26220 26630 1348151784
26778 27084 1349725268
26380 26812 1348717440
26809 26823 1348775105
26860 26901 1349032175
27011 27013 1349428541
7712 27016 1349486536
27047 27032 1349561494
27049 27042 1349566320
27189 18180 1350582903
26474 27205 1350132095
24119 27957 1352484484
27287 26580 1350401508
27380 27375 1350662972
15023 27382 1350715803
27417 27412 1350824188
27402 27486 1351026768
27441 27457 1350942218
23689 27222 1351055881
27499 27513 1351103113
27564 28192 1353225562
27576 22468 1351313072
27588 27586 1351366553
27681 27677 1351600313
27761 27118 1351878643
27781 27789 1352516620
27773 19850 1352131769
27960 28106 1352952678
28069 28068 1352841249
28147 28159 1353116645
28151 28200 1353266787
