44115 44906 1388814615
44255 48140 1394657871
44363 44349 1387416721
35706 41255 1389865003
44547 44464 1387725180
44596 44592 1387846852
44620 44602 1387892299
39853 44667 1388028642
44729 44678 1388186992
44763 44771 1388298517
37875 41662 1388482859
44966 44651 1388712763
45000 50417 1399388272
44201 11475 1393856060
37644 49410 1397097967
45214 45356 1389400279
45413 45494 1389724668
2937 48029 1394456764
45262 46975 1390141451
45746 38249 1390888109
45745 38947 1390280599
42542 44979 1390269099
26038 45733 1390370295
45868 46660 1391784680
44362 50073 1398627999
46167 27790 1391035414
46291 46292 1391287888
40109 45915 1391409607
46424 46929 1392355836
46461 46326 1391463111
45393 46510 1391656961
32261 48503 1395335173
46889 41235 1392271963
46903 16507 1392307773
46918 46900 1392350064
47144 47147 1392806570
22079 46599 1392805303
47260 47593 1393713038
47269 47279 1393062429
47328 47347 1393213062
47365 47224 1393239480
47373 47368 1393260263
47482 50262 1399666806
47469 47369 1396178877
47544 46859 1393605093
47709 36103 1396403215
39815 47499 1394727865
47763 47915 1394228075
37433 48255 1394840924
47999 47094 1394382702
47964 50157 1398748179
47430 39773 1394457550
48273 48296 1394916782
48366 48391 1395100796
43172 49031 1396916037
46785 38114 1399392268
48505 48504 1395342452
34464 49013 1396408622
48772 48760 1395887675
48757 50718 1399925717
48814 47772 1395951054
48851 48903 1396152889
48554 50656 1399754250
43672 48944 1396326608
49045 50651 1399747156
44137 50447 1399406007
48954 49266 1396901832
49406 49409 1397098105
49404 49672 1397095396
36985 49044 1397344837
45600 49927 1398314037
46677 44937 1397793944
35660 30582 1397979372
49793 28199 1398029012
49936 49928 1398326444
49957 48265 1398367614
48790 49990 1398400573
50066 49203 1398610585
37777 50086 1398653655
50128 50133 1398729480
50164 50163 1398758104
50355 50353 1399221507
50465 40734 1399668762
50551 50511 1399567834
41322 49105 1399573463
38068 50606 1399675644
50667 31814 1399780306
50685 29337 1399848283
