28 378 1255614319
19 44 1254646376
44 54 1254620745
56 2988 1262635522
85 679 1255921936
85 10462 1288552392
97 9582 1285711794
132 1544 1257646320
151 2869 1262061230
204 164 1255309473
164 213 1255313425
211 31272 1360597463
271 46217 1391127427
910 1057 1256614645
986 76 1256086857
401 401 1350142366
182 1065 1256357637
445 107 1257517859
436 1273 1276186219
423 648 1255894394
438 975 1256457708
438 9154 1284802977
539 1327 1260880034
539 8786 1283049578
467 590 1255848878
550 1163 1256596361
538 562 1255831472
570 5483 1271932698
621 702 1255944053
621 11280 1291376951
669 12090 1294475739
98 1938 1261205501
687 4747 1270177633
704 663 1255944902
663 1093 1256488411
571 6515 1281491236
734 3692 1364587992
772 18283 1339751128
178 1733 1258096231
773 779 1256018652
342 1086 1256701316
342 2805 1261828015
109 1800 1258751830
836 860 1256120056
851 835 1256108542
873 878 1256137541
885 6854 1283030837
887 3533 1264459676
180 22877 1334313477
911 55 1258585323
911 4488 1268123961
598 928 1256180285
928 931 1256180842
908 1326 1283118260
908 8369 1395426805
962 1170 1282955149
889 4129 1329887864
889 26207 1383699746
984 3552 1269099156
984 11806 1293218428
996 1494 1257417175
997 1844 1261534619
975 4043 1266404393
1007 16048 1309254412
825 1735 1263348534
1013 1071 1256368939
1027 11502 1292297282
1035 1799 1261203433
565 565 1257814572
5771 5395 1272803232
1068 18089 1321655083
1086 7093 1280449821
1109 4682 1270611862
1054 3819 1265414001
1142 1460 1258671517
1142 18410 1355506053
838 4199 1267026761
1158 5112 1270805588
1185 10323 1289092298
1185 10609 1289092500
146 16336 1310271038
1202 1566 1258549303
927 3885 1265613866
20584 1178 1256970590
1216 1258 1256783299
1182 5260 1270891072
1182 21136 1349315229
1231 509 1309397145
1231 62675 1399532571
1125 2046 1259974864
1268 686 1256809753
1272 1272 1278711794
1274 1276 1256846388
1274 1354 1257443011
1304 11259 1305083892
949 3238 1270016751
1313 3285 1263619302
1104 2929 1262364162
874 5780 1272847875
1363 1363 1301028930
1386 18004 1317051584
1386 23079 1334955977
1354 1393 1257213278
1403 4420 1267908852
1401 1308 1257243454
1404 15449 1319432561
1120 1535 1260521586
107 1429 1257289315
1442 1471 1257364975
1445 7223 1277984932
1445 21430 1365716801
805 21007 1328046880
805 37003 1398458679
1460 8294 1281444632
1406 1518 1257607305
1406 1745 1258365960
1496 3410 1264038259
1214 1519 1257468649
1525 2205 1259724827
1526 1518 1257480815
1172 2730 1261822408
1555 3888 1272044223
1570 1577 1257594497
1594 6099 1275439681
1629 1626 1257805480
1643 7200 1282436648
1649 6288 1274737566
1664 45546 1389766510
936 2034 1259002541
932 3682 1265013115
1364 2120 1259378751
1684 23884 1337734415
491 868 1285340573
491 8162 1289916261
1627 1827 1258358123
1627 5461 1271716217
1692 1714 1258050168
1020 12059 1294356723
1713 1724 1258135693
1724 5739 1272622683
1743 5068 1280312080
1761 2322 1260046616
1772 2611 1260932442
1779 1780 1258182499
1782 1983 1260499182
1791 3907 1266124261
1455 1794 1258258514
1455 18783 1319616897
1799 10335 1288224928
1810 1796 1258281226
1811 7540 1286271501
1823 1879 1258544296
1825 19860 1338453315
1837 3291 1272235493
1846 1591 1258421471
1865 1864 1258504685
1884 1977 1259717282
1884 3844 1265512922
1886 2226 1259772717
1915 15474 1306795432
1927 6719 1277904378
1928 1987 1258787038
1937 12292 1295378706
1948 1949 1258693508
1960 1960 1258734568
1966 8457 1296818818
1979 3000 1268291958
1977 2451 1260393698
2014 2711 1261286564
1938 6935 1277114130
2023 10761 1289517873
2031 7325 1278538643
2031 1574 1313050885
2046 2421 1260364197
946 9292 1284788603
1956 12531 1296114416
2096 4536 1268287942
2099 2102 1259297042
2110 2238 1259743273
2110 2081 1277192040
2093 2128 1259400068
2093 2140 1259443660
2113 2987 1262765676
2113 3267 1263606602
2111 2121 1259390831
2117 2657 1261105208
2122 6710 1278321211
1134 2446 1267138977
2181 7041 1324690239
2165 5217 1274270403
2205 8165 1280993770
2226 2232 1259728483
2223 13967 1301351588
2274 18765 1319562892
2274 49404 1397278169
2267 23634 1336794961
2267 35261 1372129622
1930 10220 1288128498
2224 2482 1260483694
2286 3052 1262918309
2327 2536 1262947121
2327 4625 1268921397
1876 3565 1264579543
2329 37216 1375569176
2259 448 1285884521
2360 9932 1286854251
2360 10246 1288938422
2370 2357 1260230245
2357 8123 1280867427
2381 4112 1328378313
2381 29283 1371592574
1530 7012 1277329232
2394 2394 1260312522
509 4717 1268945022
47710 8197 1339095468
2421 3449 1264135982
2458 2447 1260407796
2455 20437 1326059851
2455 27921 1352402683
2206 22260 1333858710
2474 2509 1260579637
2482 9158 1298824211
2490 12500 1296090606
400 5312 1271889755
400 10286 1287911878
2231 2500 1260535946
2515 2541 1260694539
1681 12314 1295448096
96 4005 1297833736
2566 2566 1260908691
2570 5908 1274261999
2570 13354 1299083711
2569 7573 1279167928
2600 2611 1260934515
2613 17426 1314650406
2547 2547 1276341306
2633 2639 1261060342
2633 2785 1261750197
2649 2655 1261101163
2649 6086 1273847724
2536 3049 1262926939
2714 16124 1309574682
2702 4837 1269472518
2734 3031 1265924754
2750 2750 1261531008
2795 2910 1262281923
2275 4965 1269793639
2805 3011 1275190084
2818 16792 1322947654
2693 3453 1264143254
2693 6997 1277263625
2873 2877 1262104994
2878 2872 1262106781
2915 26327 1349501672
2910 4145 1266798675
2865 2935 1262404227
2865 25771 1345269914
1100 24021 1346271654
389 2974 1262647589
3017 9919 1387645790
3005 4076 1285572864
3023 14570 1303360490
3054 5705 1272636416
3054 27437 1350957813
3056 25725 1345062308
3061 14312 1302861324
2285 24877 1341551295
2989 9981 1299083414
3143 7625 1279174137
3143 13321 1302308200
3147 39723 1264004550
3161 5660 1272804339
3200 16963 1312532195
3200 25106 1342341626
1735 16683 1311459943
3205 14552 1307662097
3210 3208 1263366273
3210 20626 1326748144
3208 5499 1369833468
2502 18965 1337478175
2502 20431 1372496854
3183 3183 1265865770
3238 4759 1269082241
3244 3287 1263619782
3246 4490 1270001554
3275 4338 1273987857
3267 15826 1308275874
3281 11581 1292808567
3285 3358 1263854583
3290 4130 1266741569
3290 13723 1300401693
3118 6361 1275101678
3118 41274 1389259970
3301 3449 1264134382
3301 28209 1357887993
1607 5217 1270862443
3315 4067 1266494431
3314 3598 1264689260
917 917 1263789051
3346 3361 1263855393
1835 3919 1268775724
1835 7671 1338675008
3357 10110 1311657712
3369 14191 1302171954
3375 952 1371658667
3096 3675 1265424801
3396 11099 1322494244
3396 31767 1361938100
3405 23098 1335823378
3405 44651 1395703466
39723 3029 1273449139
3410 15671 1307575149
3427 1961 1264087925
3458 3432 1264153669
3467 3467 1264314207
3489 3489 1264312369
3492 3508 1264370611
3494 3762 1265249562
3513 16524 1310968068
435 5288 1271007246
3533 5398 1271645775
3566 3566 1322513806
3547 5112 1272752150
3551 2739 1264510525
2739 4641 1268815066
3478 27994 1352613368
3574 3574 1264618044
3582 3587 1264653194
3582 3588 1264653716
3585 3590 1264659904
3590 1139 1265714987
3613 3605 1264739509
3619 3619 1356399155
3602 47120 1392758794
3610 3610 1264812219
3627 30505 1357739277
3628 36296 1374357578
2576 24126 1338496206
3645 3671 1264988268
3579 10769 1291683413
3646 3646 1309749097
3649 3843 1265509582
3708 3725 1265265256
3713 20112 1324538224
3725 4635 1268614568
3700 3700 1265164203
3756 8629 1347396847
3779 18014 1316767886
3826 1448 1298517347
3837 24508 1363722206
3855 5279 1270977724
3857 5116 1270330081
3882 4389 1267778819
3887 4092 1266820570
3887 4153 1266835816
3888 4235 1268527802
3899 4436 1267949543
2677 4994 1284496564
3898 4408 1298257513
3903 21940 1344500192
3903 34325 1369385497
3919 4718 1269027887
3939 3940 1265886952
3952 2781 1284885779
3960 7456 1296254594
3977 6569 1297647840
3977 24173 1341605589
4000 76792 1266228070
3318 3318 1315725627
2158 4302 1267408493
3816 15933 1308730192
4041 4041 1266406620
4070 3875 1266521699
3875 10709 1289368780
4035 5626 1272607542
4092 4235 1267089176
4095 4594 1268525520
4097 4257 1267162311
4097 4267 1267201234
1874 9684 1286077925
4120 8544 1282033890
3822 4643 1268869984
3822 12884 1297382164
1307 1307 1266868319
4173 25726 1280901043
4005 7373 1278485649
4205 18323 1317994922
4239 41269 1381724491
4222 4557 1268353057
4267 2189 1299295940
4268 4300 1267394466
4280 4279 1267299058
4287 4288 1267313801
4076 5689 1272490304
4162 18716 1338622241
4162 41258 1381782796
4324 4949 1293488420
4325 23911 1348067096
4327 2109 1274650956
4342 22206 1331999267
4348 15470 1270087651
4356 11123 1292670973
4356 27499 1351181230
4330 32896 1366035178
4358 19007 1327003138
4272 4272 1267699905
4363 5536 1272577780
4379 45065 1391053969
2245 4491 1268111691
4384 10871 1289954604
4481 14812 1318489090
4494 11980 1294051757
4494 11056 1298733327
4524 25275 1343016056
4534 31293 1372642955
4537 4537 1268526303
4544 15749 1307978449
4636 33257 1366406137
4636 33306 1366605859
4637 4650 1268678213
4648 29218 1353342748
4669 4734 1268987406
4672 4672 1271905040
4682 5980 1273618563
4685 14328 1305961046
4643 31361 1360654709
4698 10659 1289243128
4676 12952 1298531203
4718 16180 1335531209
4731 22668 1333522122
4624 21711 1340516630
4624 26040 1397280375
4757 9041 1283789322
4763 16762 1343157787
2171 4797 1269241142
4783 4904 1269543111
4796 42894 1384721136
4803 34575 1387380895
4716 8180 1281045973
4716 5395 1281464599
4807 25477 1399711417
4821 2464 1272736599
4821 14304 1332100812
4853 4806 1269455997
4856 14181 1350847135
4626 5165 1270559922
4837 20822 1332940953
3569 18736 1319457141
408 5534 1312505315
4933 27032 1363389065
4949 11537 1292279901
4963 757 1269763207
4965 16147 1309756705
4972 3926 1269876227
4915 33685 1367692142
5036 5036 1270007639
4990 5683 1275387214
3926 42649 1384214211
5001 7494 1288151095
5016 8684 1312744172
5045 7935 1280367043
15470 23947 1343418885
5044 5154 1270532129
3102 5170 1270584895
3102 6334 1275371783
4678 6270 1274713034
5018 6923 1317621858
5018 21885 1360305268
5108 5121 1270374371
2802 15122 1305481942
4971 46176 1391048929
4367 8615 1330570633
4367 24805 1341089016
5142 27914 1352382372
3886 7175 1277836554
5124 13746 1300530037
5124 22789 1334563138
5196 7608 1281548011
5197 5464 1272106377
5231 5365 1271521977
5260 5275 1270942781
4778 8550 1282070420
4778 37150 1374059422
5268 6524 1275543908
5279 46292 1398561134
5282 5357 1275239309
5313 5319 1271126814
5316 5394 1271376145
5316 5344 1271383353
5312 10322 1340330122
5339 12484 1309493757
5363 8592 1282674700
5407 10218 1287644307
5431 7283 1278123241
5417 13753 1319456375
3849 7870 1279935623
5469 5286 1271728453
5473 19201 1321105319
5486 5633 1272328376
5499 5314 1271922064
5519 23873 1339428843
5519 29818 1397518069
5534 17111 1313185730
5523 5523 1271984503
5566 5551 1272008151
5611 10711 1289374433
5609 9689 1285896246
5633 5639 1272332905
5646 5653 1272362579
5654 5637 1272367698
5675 5674 1272427386
5674 38019 1375328497
5526 6821 1276638479
5700 11297 1291438577
5700 7247 1296356135
5709 17304 1314030920
5715 7518 1283876940
5731 12596 1296340270
1894 6515 1281562581
5768 5768 1291402068
4221 6301 1334448272
5794 22313 1334728259
5794 41378 1381956567
5802 5807 1272951245
5802 7391 1278532162
5822 16698 1311553637
5827 5825 1273017361
5860 14155 1303546601
4555 8403 1281955586
5360 6524 1275630643
4701 10673 1301963246
4701 6563 1383645400
5937 5206 1368119517
5938 6992 1298705215
5945 5950 1273282803
5945 7227 1277974960
5960 5934 1273343293
5924 15589 1307229307
5973 12695 1314737087
5986 20430 1326002588
5706 2063 1315640422
5998 13969 1302653328
5993 5766 1273523675
5736 5548 1273557905
6031 6126 1274056712
6031 6040 1275151423
5724 12295 1295410836
6040 8065 1282093178
6066 10639 1295643997
6082 6082 1275596480
4282 4282 1273866962
6100 34075 1368781216
3213 5988 1273935387
6104 8610 1282209105
5723 18915 1320095476
5723 21049 1328104892
6113 48162 1396296934
6113 48172 1396383731
6126 16914 1350661013
3848 15152 1305599165
3848 15175 1305671251
6159 25468 1343872261
6167 6166 1274243745
4535 16859 1312213016
6142 34764 1370658923
6183 24541 1340064891
6248 152 1275077134
6249 9853 1286530553
6254 6254 1313634629
6259 12987 1297799244
6266 6563 1275714938
6141 6141 1274746032
6290 4571 1274749805
4037 18505 1319592804
4037 36148 1383785163
1055 17458 1324099626
6324 5977 1274903402
6327 6326 1274895706
6326 41082 1381371354
6330 7041 1342846030
6334 8012 1280416352
6343 6369 1275046618
152 13062 1298063165
6366 6388 1275076275
6381 6320 1275064179
6320 1720 1275713922
6418 6398 1275159649
6398 6459 1275361325
6433 6475 1275424397
6441 6435 1275276665
6455 35545 1383077713
6466 13059 1299170962
6476 6483 1275443343
6483 37080 1373818173
6484 6655 1276027684
6522 17350 1314166334
6500 14091 1314242148
6500 27264 1350334292
6496 24435 1339656165
5795 17768 1316426398
6550 4608 1276924216
6550 10096 1287243073
6549 6557 1275702981
6561 41778 1382667457
6576 6576 1275840907
6577 9666 1285858045
6577 12379 1316280261
6210 6634 1275939099
6210 44624 1387930606
5538 16193 1318280763
6634 27549 1351276582
6594 9611 1349933990
6701 13834 1300982814
3441 7589 1279092180
6714 6714 1276289164
4526 8208 1304127759
4526 31844 1362563685
6751 8188 1281054688
6751 3896 1281736828
6757 6757 1282884745
6750 6778 1276433257
6750 6863 1276797800
5610 13062 1298063737
6645 6645 1276562713
2416 8393 1281577749
2525 14662 1303750820
2525 29323 1359498030
30395 13530 1364251260
30395 45580 1389839776
6847 6847 1276732456
6882 1669 1298595278
6903 6906 1276932963
6903 10833 1326027454
6908 29596 1354526578
66825 66825 1363995498
2048 2048 1332635738
6858 17111 1313390811
6923 7909 1280809135
6966 6975 1277312010
6992 7177 1277859425
3988 27566 1365624798
7012 7058 1277412835
6892 7036 1277353028
6892 25712 1349289155
7015 14157 1302059019
7023 4954 1281044576
6137 6137 1299215082
7028 6853 1284678374
7053 7142 1277763417
7057 8638 1282284557
7092 6994 1280553466
7106 17614 1315410131
7101 7129 1277711133
7133 14286 1302669886
7177 8702 1282597564
7165 8424 1281657115
7205 7072 1277981992
7231 7229 1277982583
7035 29828 1355182202
7239 7239 1278551063
7266 7218 1278070889
7218 7377 1278477146
7269 5577 1278283768
7269 7537 1279038040
7263 42196 1391813799
7257 4392 1278448042
7262 7325 1279325446
3428 7203 1278186202
7320 6922 1278335618
7320 7625 1279173968
7359 27962 1354257134
7364 23267 1335555180
7238 12105 1334191530
7368 35587 1381082516
7368 47840 1394130958
7360 7360 1278444788
7170 1667 1283064316
7422 7422 1278626688
7330 6715 1278865052
7330 22962 1334636071
7383 7383 1278646700
7258 7477 1278740972
7461 7467 1278712872
6702 11052 1290596745
6702 9019 1307423874
7499 10763 1290275317
7492 7492 1278923875
7512 7510 1278983998
7520 3027 1278988283
7531 7756 1279598527
7632 8596 1282171259
7632 23865 1338555673
7021 15017 1307407879
7021 20913 1328483101
7647 7683 1279340607
7641 6300 1279260996
7641 8056 1280543350
7691 20381 1393263410
7691 50331 1399885451
7695 7646 1279584718
7695 3512 1279387383
7646 26278 1354430116
7705 20321 1325542673
7727 7726 1279510858
1816 7686 1279549310
1816 8099 1357326856
421 28172 1353215894
421 8080 1354568014
7756 8070 1280661115
7792 7890 1280126672
7692 2592 1279897610
7692 31161 1360017522
2592 7861 1279899958
7821 7817 1279798517
7834 8789 1286233562
7844 11418 1379225944
7842 7842 1300426068
7875 7875 1280118420
7891 7890 1280059597
7914 21389 1329242699
7911 7929 1280214534
7915 41279 1381746278
7931 7878 1280250584
7878 42656 1391205150
7779 23122 1335218620
7967 26746 1348496403
7993 7428 1280372851
7626 7519 1337135860
7990 16438 1308613249
8015 8275 1283105003
8004 12947 1297592133
8019 10043 1287082372
8049 15159 1305658411
8049 24844 1344647987
8092 45094 1388943233
7872 7872 1281398847
8047 9024 1297980001
8105 48307 1394934443
8105 48309 1394939192
2183 30967 1382889203
25726 13948 1301274229
8135 25861 1345679174
8135 29623 1354566623
8161 25863 1345685068
8168 11186 1291160161
8196 13396 1299290848
8199 38250 1383270854
8224 5837 1284531653
7983 7983 1282391675
8234 8214 1281272919
8253 8274 1281391164
8275 9006 1283597611
8294 10223 1287656907
8333 7276 1281482316
7276 19369 1332106272
8341 39623 1378463872
8368 8361 1281513991
5793 8062 1281630160
5793 15775 1308802437
8434 8436 1281684148
8434 10673 1297752567
8432 8523 1281963120
8432 4106 1287098278
8431 8399 1281704220
8431 32583 1364445296
5593 8519 1282090709
5593 10577 1288943151
8447 8447 1282157610
8457 8962 1283449405
8479 8550 1282071742
8358 20021 1324216371
8482 5587 1328208138
7747 8187 1281938047
7747 7991 1283078471
6363 15896 1354871948
8187 22215 1332093906
8519 7777 1282092370
8536 50282 1399009759
8565 8614 1282218299
8579 8585 1282153012
8601 8599 1282184984
8604 12395 1295738755
8003 18730 1325125684
8628 10995 1290380868
8636 9785 1286243820
8642 8642 1282431953
8667 15551 1362027199
8694 8712 1282531501
8128 8720 1282555637
8702 5497 1357951336
8725 29333 1356340141
8725 23850 1391668334
1667 8193 1283423728
3519 24726 1340761043
3519 36598 1373084880
1556 1556 1303256036
8788 8744 1284388293
7991 25610 1344518404
8721 14548 1304788018
8802 8905 1283270379
8802 41100 1381383071
4373 17426 1314502835
8798 25763 1345257531
8798 26140 1346661417
8786 26248 1346948436
8736 7790 1285167205
8875 8850 1283320498
8882 8885 1283191689
8883 18693 1329927280
8913 32804 1368972328
8850 9017 1284076955
8933 8933 1366100927
8940 8952 1283405733
8193 27459 1353053593
5295 9057 1288486466
5295 16705 1311576117
8965 13284 1334245707
8923 22465 1332974944
8923 27714 1352001008
4106 9535 1287284404
8987 8984 1283550461
9002 9008 1283613381
8995 8995 1283741765
9014 16080 1309361996
9028 2660 1283786090
2660 14918 1304797865
9046 14809 1304307805
1673 5958 1283803269
9017 15545 1307072920
9124 31036 1359567592
9126 9123 1284098125
4903 11244 1291289453
4903 33768 1367984715
9172 9202 1284397695
9187 12952 1326088824
9202 29279 1364925150
6570 11556 1292359399
9220 9223 1284493854
9114 11255 1291320055
7979 18384 1320073297
9246 11651 1292647553
9237 9338 1284853068
9304 37818 1374973809
9154 18823 1337124725
9301 9266 1284805057
9332 15484 1308057448
9347 10943 1296645374
9347 9552 1298080796
9354 9372 1284971697
9355 9679 1285892255
9355 9838 1286400209
3655 9369 1284961668
9379 8870 1288900896
9379 19369 1321686373
9404 14763 1304051639
9386 13467 1299830405
9386 15027 1305152629
9431 9721 1285985878
9462 9459 1285244781
9459 9527 1285536277
9463 16914 1350645700
9468 9470 1285273581
9455 4165 1292015700
9455 9714 1369710859
9486 10435 1288870746
9486 14121 1302184516
9504 19906 1323749434
9523 9523 1285678023
9542 9855 1286449255
9552 13439 1299389291
8363 7987 1295309469
6842 16888 1398285900
9569 9625 1285798135
8974 17550 1314997622
9661 27760 1353443128
9668 33643 1367586333
9684 14354 1308884706
9714 13618 1300051327
4019 9732 1286016601
9769 12835 1297231609
7540 9525 1286233115
9792 9798 1286261863
9776 18505 1318818823
9810 9807 1286318006
9800 21208 1328649551
9800 27972 1377204113
9818 9835 1286392631
9825 29294 1353562743
9094 10977 1290299203
9823 9869 1286486033
9024 10258 1287788396
9899 12047 1294296372
9926 9968 1286880671
9932 9680 1299218892
9712 9951 1286835277
9952 9913 1286837398
6588 7611 1288240478
7576 12450 1295926330
10007 22001 1352032927
3462 33399 1366851816
10050 10052 1287060892
10032 10075 1287128341
10049 32630 1364593612
9565 18492 1318527268
10073 10241 1287710551
10073 10284 1287968110
10075 15661 1307781835
10086 34473 1371165081
9667 10097 1287247813
9667 34777 1370804395
10112 10104 1287295483
9458 12234 1297883599
10118 10124 1287342393
10128 10128 1288324179
10155 10193 1287582888
10189 10386 1288250687
10219 50099 1398780417
10221 7494 1287701361
5896 11837 1293438015
5896 13244 1301860701
9779 10258 1287810192
9858 20484 1326254579
10269 10269 1287978714
6005 38870 1377050272
9842 7448 1310076182
9842 14744 1316167945
10286 23440 1336113118
10299 17719 1315692249
10204 13520 1299676445
10350 10350 1312155204
10317 10343 1288125498
10322 26684 1348235601
10327 10954 1290200264
10331 19191 1321057352
10341 39744 1385945483
10408 31991 1362614083
10453 10402 1288489785
10461 10461 1288656956
10046 30750 1358603499
10046 11500 1386084982
10549 10555 1288862837
10539 10539 1288903640
10570 11964 1307159178
4119 23288 1335643505
23873 48519 1396650950
5115 10611 1289071724
10613 9612 1351332782
10614 10609 1289084142
10614 10706 1289351071
10622 36233 1372632086
6793 9793 1292337605
10671 10671 1353935024
9793 29763 1354953383
10679 16989 1313433540
9003 9003 1299601385
10729 24340 1339393368
10729 24430 1342149961
10745 10799 1289652536
10745 10578 1290108949
10775 10928 1290113102
10728 10728 1289616065
10799 22975 1354131242
10814 27151 1349933840
8162 10861 1289914005
10849 12374 1295926752
10876 10917 1290083045
10876 10933 1290141209
10857 10887 1290042916
10934 29341 1373401794
10792 11191 1291136457
10792 22119 1331675172
10951 10951 1290262602
10945 11268 1291354864
10945 11322 1291562000
11019 15693 1321661413
11031 11031 1382644608
11030 11030 1291331771
11043 17565 1319511704
11058 14286 1302669456
11056 26145 1346724415
11071 17160 1313433405
11071 30554 1365042585
10602 19706 1322972509
10602 18108 1322973192
10111 12998 1298095903
11094 20033 1332199705
10903 26510 1363572462
8084 11116 1290927804
8084 12981 1333080078
11172 11177 1291092274
11206 13935 1321767698
11220 13437 1299415373
11216 47573 1396415420
10712 15872 1318985664
11277 34716 1370551495
11291 8707 1311455553
11306 17053 1317991060
11264 37099 1325567203
11317 11317 1374063859
9581 22973 1334744022
11124 20037 1324219906
11414 22873 1335671738
5587 24338 1348993601
11449 24527 1340384458
11218 18305 1328530056
11218 23240 1335788025
11484 11484 1299890744
11498 11522 1292182704
11538 11538 1292289044
11556 10663 1292320664
11445 33768 1369823602
7409 11575 1292401998
11554 9612 1294830519
11583 11583 1353413291
11588 11601 1292469356
11595 26388 1347383429
11598 11778 1359176925
11629 12965 1297669874
2019 11630 1292571695
3776 3776 1292801780
11721 10670 1296594179
11745 15573 1307141962
11761 11730 1293006329
11662 11764 1293017002
11796 10061 1293153023
10061 29808 1396935104
11800 8941 1293175052
11262 15014 1306251802
11262 22833 1334208538
11830 12132 1294675507
11821 11838 1293405702
11850 15465 1306770675
11850 16352 1311538374
19943 19905 1323868895
11247 22662 1334536051
11947 20323 1325548857
11964 18030 1317548895
11966 35593 1378592609
11974 11970 1294083332
12032 12032 1294699341
8202 19881 1331962767
12082 16007 1313041552
12082 18131 1327138883
12057 17489 1314931599
12111 12111 1294572718
12126 21317 1328990537
12103 20103 1330037702
12103 23189 1335346187
11608 6770 1296321286
11134 39552 1386701060
12170 14200 1308310159
12146 12146 1294909226
12223 12223 1330480492
4112 62253 1320337229
11877 10316 1299403749
12187 12409 1298539860
6542 15308 1321313544
7690 14053 1301616495
12249 12650 1296536727
12260 13250 1298714807
12260 13147 1298853029
12274 12277 1295341660
12274 17013 1312816965
12281 12281 1391708795
12336 17987 1316655608
12341 41364 1384404797
12362 16371 1329248317
12377 12380 1295629038
12366 12389 1295671077
12397 12309 1296104648
12410 12714 1296809456
12390 12361 1295820325
12466 13906 1301092780
12466 32938 1365496444
12473 49438 1398145526
11046 22490 1333073487
11059 12723 1297126263
10670 25400 1343795141
12520 12519 1296080912
9804 14974 1334264846
11976 11976 1296154727
7718 7718 1317456167
12290 33256 1366405671
12558 21979 1331335673
12601 30035 1363758505
12601 32511 1364374449
12591 12591 1296376210
12606 12606 1299301006
12631 23648 1340859975
12662 12662 1296577263
12676 12679 1296651104
12706 9516 1309271804
12710 12714 1296807600
12647 19142 1344033315
11541 35453 1378224366
12761 12840 1297308044
12763 12759 1296993795
12774 25258 1342899561
12723 12693 1297253105
12751 16855 1312982272
12823 21626 1329958143
12823 22608 1380332395
12824 12860 1297317447
12693 26081 1370390075
12843 41009 1381203861
12847 14335 1302697829
10828 23115 1335096006
10828 36339 1375786449
12877 12875 1297364820
9156 24542 1340071819
12909 27341 1352207864
12844 12928 1297538326
12928 22498 1375542561
12932 12931 1297554019
12947 19078 1354960206
12987 12986 1297794900
13006 13038 1298013130
13006 43013 1384958121
8264 39536 1379651516
13015 13015 1297967074
13027 16750 1314781184
13038 22098 1331587660
13054 37434 1378210164
13008 13064 1298068560
13072 13085 1298145871
13078 13078 1298991521
13074 21067 1328177819
12039 12039 1301193811
13108 17100 1313240512
13108 20870 1334318287
13107 13107 1299368027
13059 37728 1377459669
12653 19664 1335569849
13144 13145 1298344938
13025 13025 1380678587
13150 13154 1298368670
13160 13158 1298394162
13173 21374 1329542378
13189 13184 1298511854
13199 13121 1298518645
13249 13247 1298693700
13245 19836 1323673023
8707 25995 1346112800
13251 24423 1339628890
13263 13341 1299063465
13263 14574 1304850006
12383 13486 1299636822
12383 27381 1350671517
12563 13307 1298958704
8379 7816 1333370480
13278 13277 1298828784
13279 13279 1300196513
13292 27235 1350499765
11938 18334 1322176540
13326 46433 1396476364
13358 18960 1320252615
11661 22892 1334371020
13393 16846 1312127639
13402 13394 1299262000
13420 10148 1299307792
10316 13881 1301024728
13447 13447 1299532023
13464 13464 1330327441
13475 16704 1311574253
12879 14124 1302118868
13481 14771 1304801929
13452 25104 1382194743
6429 15821 1333495533
13431 41262 1381708720
13547 5546 1300980534
13550 13550 1299827715
13559 16751 1314782558
13559 27301 1350432956
13611 13608 1300013166
13663 13413 1300221330
13679 13673 1300264758
13673 14009 1301456767
8901 37119 1374742724
13289 24313 1343354012
13718 19835 1323439466
13738 13737 1300461901
13751 13755 1300517371
13794 39042 1377296478
13799 13824 1300819747
13827 18546 1318659722
13827 20631 1327984687
13838 10777 1300856325
13803 42491 1383883088
13842 21711 1337019787
13842 14802 1337020382
13863 19111 1321007017
13863 16646 1337244040
13691 13875 1300996512
13691 13877 1301004052
13881 13890 1301025668
13898 17926 1316470295
13913 13915 1301112330
13915 17697 1398438174
13927 13331 1301185978
13922 13922 1301300368
13948 14013 1301474959
13959 13960 1301336552
10304 13984 1301406386
13000 13978 1301390998
13941 13941 1302438751
13997 37885 1375109097
14049 13983 1301573427
14056 14053 1301601483
13753 18805 1319680647
14123 9065 1331459553
14148 14702 1307832676
14147 14157 1302059537
13363 17271 1313890524
14161 14156 1302062541
14155 17764 1316593735
14124 33083 1399031574
14169 38998 1377235863
14170 30280 1356842749
14187 14241 1302462794
12640 43911 1386635150
12640 45611 1389897585
14181 12221 1361737703
14226 26208 1388500440
7599 26600 1348082933
14253 14114 1302484256
14114 27796 1356182646
14255 14260 1302517034
14322 14325 1302679523
14324 14712 1303910437
14324 19989 1324000556
14127 14127 1302757212
14359 17945 1316671870
14371 14476 1303126401
14362 15358 1306375967
14385 14848 1331087359
14312 14485 1303169470
14436 14436 1305152600
14442 14437 1302975645
14437 39766 1378789615
14494 14494 1303265287
5031 31524 1362578990
5031 42830 1384678143
13384 15597 1307402217
14462 22620 1334893925
13684 15445 1306701904
14468 14464 1303086310
2026 13874 1303139980
14481 14509 1303223076
14512 22232 1332123260
14527 38744 1379621195
14527 26223 1396648052
14546 14541 1303311703
14552 23548 1336600642
14534 18372 1318148398
14107 16315 1310334286
14593 14711 1303894881
14621 17077 1313036019
14624 14626 1303615442
14626 24762 1340877135
14628 14993 1305666644
14628 22073 1352276239
14632 14644 1303625799
14664 14663 1303754311
14163 18578 1318842213
14667 18115 1317254282
14712 14417 1303919631
14716 14288 1303964473
13373 13373 1304211580
14794 19784 1323757359
14441 17735 1315807933
14788 15295 1306116745
14705 14816 1304279237
11259 15706 1307754057
14689 12781 1304943437
14896 14098 1304635089
14098 43941 1386694694
14916 15254 1305929961
839 22055 1366326323
14940 2197 1305066165
14958 15040 1305190329
14961 19199 1321078443
14973 14973 1394039261
14976 33462 1367028724
15021 15021 1305994555
15031 15794 1308161651
15032 22635 1342851305
15020 15020 1305230271
15058 16395 1310522983
15056 26931 1349228540
15111 15118 1305461548
15112 15110 1305429950
15120 29733 1358634370
15133 15133 1305556452
15161 49461 1397186925
15246 38750 1376792307
15265 13736 1305990370
15268 16839 1323169511
15274 15274 1306008389
15311 16058 1309288089
14974 36889 1396506613
15351 47795 1394157285
15379 15427 1306690010
15385 15385 1336008966
15404 15404 1307402883
11773 17212 1313628984
11773 27941 1352605191
15331 15417 1306562820
15213 40782 1380756291
15440 15435 1306688049
15443 12135 1306698315
15457 18317 1317863358
15463 15479 1306817087
15488 21962 1331176420
15488 29566 1391761861
15486 25102 1342228641
15484 13554 1307695409
15493 16478 1310749339
13562 15520 1306963581
15544 15525 1307062146
15525 16113 1309564167
27140 26353 1349900912
27140 31009 1359503497
15606 21399 1354854860
14037 32151 1371140534
15017 16280 1310031692
15638 27385 1350671461
15642 18119 1317778695
15642 12436 1317871345
15666 15900 1308600127
8426 1190 1352429380
15688 15555 1307676153
15478 24580 1340792581
15713 25209 1385608067
15728 17277 1313909121
15632 17927 1316473500
10972 15696 1307925609
15752 15820 1308586717
15752 15914 1308668031
15615 15615 1308014901
15765 1199 1322239983
15785 15798 1308173027
15792 12400 1325257772
15672 24565 1340159407
15811 33302 1366617265
1043 15813 1308256895
15777 15777 1308296562
15689 32988 1365652688
15630 19146 1320893019
15830 37354 1385725557
15828 18961 1320357611
15841 15839 1308322192
21125 21125 1328402729
15869 15863 1308448714
15882 16103 1309474104
15890 15890 1308535170
15891 38637 1377029061
15891 41686 1386030153
15918 15918 1308755119
11143 17532 1315083246
15921 16910 1312338881
15931 15928 1308723110
15933 16048 1314052430
10833 22943 1334605517
15951 1981 1309376631
10646 17721 1315701739
10646 30380 1357249147
14744 19206 1321141814
15626 16320 1310210919
15626 15626 1322896319
16012 16012 1311631066
16031 20369 1325771436
16031 20833 1331831833
16031 23534 1345776813
16036 17203 1313617524
16036 17522 1314889376
15429 15429 1309231625
16049 22111 1331847782
16048 24485 1346014578
16044 16044 1320533345
16064 16066 1309302931
12425 16120 1309595661
12425 16996 1312703450
16087 11040 1315487923
16113 49193 1396727382
16120 26737 1397587849
16132 16287 1310056217
16132 18678 1319167923
16203 16142 1309947930
15970 30334 1357073274
16117 27365 1351364538
16267 35453 1375469361
16275 16260 1310014641
16325 16317 1310228583
16325 22677 1333755121
16178 17007 1312819575
16178 17074 1313035215
16178 17894 1340722535
16343 15326 1310691429
16343 16549 1311045189
16343 48031 1394459208
16367 16373 1310462734
16367 16367 1311511519
4315 16600 1311284432
16386 16348 1310505489
9021 35609 1372273060
16389 17228 1313696321
12637 21505 1336590292
16082 16082 1343673794
16425 17682 1323051611
16428 16428 1311296194
16007 16835 1312076756
16007 24591 1340385491
15289 22885 1334345065
15289 19433 1334963932
15289 29293 1353876054
16494 25179 1342564646
2246 19429 1321917509
2246 19373 1321928271
16504 38328 1375943696
16526 44747 1388230061
16511 16529 1311020195
16529 16571 1311112812
16530 17082 1313074418
16530 35936 1398460561
16561 16013 1311076569
16571 18855 1319995490
16571 32083 1362917228
14941 29944 1355543986
16554 10776 1332892051
16548 16548 1311218411
16575 16575 1311298683
13883 13883 1311390538
16669 16669 1311567506
16673 16689 1311498611
16622 16859 1312184066
15046 16767 1312576069
16738 16739 1311736328
16751 25812 1359662079
16739 2138 1325083964
15280 17217 1313661502
16767 39619 1378462116
16757 16757 1312077157
16761 24604 1341828074
16801 23115 1335094653
16144 16813 1311978371
16809 18969 1321775719
16823 16399 1311994498
16839 16839 1325231603
14304 16842 1312128659
16882 21710 1330502510
16887 16900 1312321202
16887 36526 1383681301
16914 27364 1350633122
16923 16924 1312392151
16923 16925 1312394579
16934 17332 1314301171
16934 18011 1333569046
16948 16505 1312476660
16872 16447 1315298417
16952 16952 1312557674
16972 16972 1312576308
16972 16678 1358207402
16981 49520 1397358122
16981 16981 1397788227
16940 16940 1312770193
16686 16492 1312790934
16969 16969 1312832870
17016 17054 1312981319
16957 16957 1312927046
17008 17008 1312936182
17035 21704 1330217327
17053 5679 1318541451
17053 21337 1330140924
16937 5679 1318452882
14492 16155 1313102683
17079 17087 1313117944
17098 18431 1318305665
17098 19391 1321771276
17104 17069 1313132223
17073 24202 1338789940
17121 17121 1392374580
17050 651 1327758670
17085 30906 1359091143
17128 16637 1313282286
16939 16939 1315167326
17022 38198 1375737766
17300 17300 1314136780
17306 17306 1314174616
17260 17260 1384129707
17325 17345 1314146968
17255 25766 1351377434
17350 17350 1316318746
17332 17423 1314465573
17349 17360 1314217456
17360 18154 1317324573
17353 17353 1314248052
17353 39804 1380457785
17377 34591 1370120074
17384 17388 1314321304
17388 17445 1314572459
17388 18327 1317892981
16750 12904 1319694021
17417 27574 1351311533
17422 17422 1314807126
17441 13704 1314544555
13704 12400 1324256308
17443 17443 1315025197
17456 17598 1315236725
17476 21690 1332243036
17362 17362 1314731456
17362 29506 1354212183
17497 17495 1314774971
17492 22456 1332921290
17502 17452 1314788950
17452 16845 1314811800
16845 22601 1333437527
12069 25356 1344885648
12069 15327 1344885989
17532 17532 1315006793
11173 33542 1368044848
17539 17536 1314945303
17253 26620 1348017366
17551 17551 1315436167
15539 21253 1328798835
17596 19649 1325374557
17596 24987 1341805206
17600 17600 1315324120
17600 18645 1334971846
5900 18606 1319007377
17614 15332 1324003050
17545 17545 1315688942
17637 19649 1322895400
17637 17637 1333905630
17602 14128 1374052515
17602 17602 1374131837
17695 33221 1366310511
17705 17701 1315632183
17755 17755 1381636952
6263 26361 1347332040
16675 17791 1316019471
17798 17798 1316209313
17807 17802 1316066678
17802 17803 1316110140
15334 24586 1354598563
11555 9031 1316083381
17780 17780 1348250116
17780 26668 1348186327
17880 17878 1316281190
17888 17888 1316418085
14499 17923 1316465046
17734 25080 1345828070
17945 20353 1328141041
17708 14390 1357686454
17956 17294 1316554193
10271 48647 1395676681
17980 18107 1317888394
17993 30537 1357841744
17994 18006 1316741741
18000 30149 1356228372
2647 2647 1316799830
18025 18012 1316814784
18030 18027 1316840106
18030 20387 1325817576
18051 18051 1317021470
18064 18064 1317034517
18072 13947 1317063161
18077 18079 1317094421
18077 19772 1323227264
17193 20673 1326845770
17193 9101 1343702329
18078 18115 1317213814
18168 18163 1317347129
18181 19254 1321309623
18184 21743 1317499573
18183 20585 1326614689
18183 18403 1331380698
18119 7455 1322862086
18204 18353 1318002228
18241 18237 1317608429
18256 22476 1333037248
18256 29590 1354490660
18291 22224 1332088863
18279 48241 1394820739
18313 19265 1321319865
18282 33730 1367833298
18372 20077 1324354763
18372 20175 1324965268
18382 18381 1318120484
18376 18376 1354350783
18376 19477 1354950495
1997 18503 1319515021
18410 18406 1318249000
18406 10640 1318321178
18406 19379 1322025957
16193 19985 1323986328
18425 18441 1318320660
18446 18446 1318360084
11528 18450 1318456331
18474 32387 1382054082
18478 12750 1321002720
18497 8099 1356917989
18503 22010 1331310863
18394 36061 1372833407
18534 18579 1318853615
14895 19282 1321480024
10927 10927 1318956863
18449 18449 1318959982
18606 18606 1363000188
18630 18626 1319008914
18642 18642 1320165422
18659 32817 1366655956
18662 16371 1329275335
18662 29433 1354662919
3072 22829 1334613586
3072 25781 1345337371
3072 29854 1357579450
18702 27976 1382924962
5429 11978 1319397199
11978 20085 1324420385
18729 18755 1319772592
18749 27712 1351883942
18749 27890 1352435563
18755 17083 1344844911
18757 22001 1331287355
4566 21237 1328756415
18810 33467 1367480969
18818 18861 1319844173
18836 19145 1320889627
18839 20136 1324640053
18889 20803 1335895171
18957 48458 1395252283
18969 18969 1389072399
18965 24644 1340414508
18996 18995 1320353573
18286 34443 1369718828
18286 18286 1372507771
19048 19048 1322107902
19047 19209 1321147158
19063 18894 1320646879
19063 19624 1323067968
19084 19083 1320700712
19083 19085 1320703335
19051 40549 1380298560
19051 45288 1389895023
19115 19150 1320897292
19132 19152 1320898080
19149 19182 1321011173
19149 19149 1322016666
19129 41060 1351016411
18910 37436 1377185442
18910 38172 1379988838
19184 19184 1321130612
19189 7519 1337617028
19203 16131 1321112857
19216 48161 1394717045
19243 19243 1371141145
19278 19278 1321364848
17828 17828 1343245751
11733 24393 1339538103
13284 22662 1334212962
18349 25035 1341997142
19318 21636 1329965423
16054 19500 1322195666
19334 19356 1321658055
19334 21005 1351505073
19369 25792 1366374915
19378 21528 1330216309
19444 20746 1327650289
6628 30322 1357097429
19379 19379 1322465277
18228 19438 1322105345
18228 23247 1335578794
19433 19433 1322252289
19516 19899 1323757736
19516 7519 1325270963
19555 1190 1368810233
19493 20015 1324105552
19493 22917 1334544805
19639 24586 1348242021
8080 12055 1361831160
11791 20646 1326873055
11791 38807 1397095745
19693 19697 1322885918
19706 73942 1331554481
19367 25260 1343454568
18938 27853 1352202541
18938 46774 1398511789
19313 37911 1375240896
19753 19643 1323141173
19643 31339 1323166644
19582 24236 1338930485
19774 22712 1333783609
5206 5206 1383584474
19801 14202 1366770072
19822 19822 1359346670
19821 50244 1398934148
19844 19844 1380929998
19844 47795 1394130582
19848 16762 1323525505
12911 12911 1378032326
19889 17898 1323941955
19889 45397 1389726856
19597 19597 1323815343
19899 19899 1329433898
19929 21676 1331062873
19929 9870 1334952118
19929 40282 1379838972
19934 19970 1323936862
19934 20005 1324071531
19969 22773 1334006379
19969 23323 1335766678
19969 10810 1366577276
19959 33871 1368198435
14547 25322 1369221499
14547 34576 1370056969
20005 21405 1329360361
19945 20137 1324648582
15235 30164 1356327320
20063 20086 1324410198
20067 15695 1355879967
20070 19076 1324342669
19637 20497 1326330843
19637 22023 1331335364
20073 17528 1324346903
19008 19008 1327571841
20027 20027 1325784926
20108 20108 1367205435
20114 20111 1324541860
20101 19691 1327049525
19731 2138 1325038235
19731 21069 1328233934
20146 19730 1324716347
16380 20258 1325305102
12766 17623 1325010168
2138 20318 1325539859
20208 20212 1325046272
20254 20247 1325191660
20260 20255 1325206964
20272 47778 1393996492
20346 30996 1359612028
20349 34674 1370601015
16139 20404 1325900170
19938 14925 1340198515
20417 18942 1329234430
20431 20431 1360200319
20458 20458 1326180344
20460 45524 1389737820
20506 20867 1327471986
10847 32577 1364428429
18589 29480 1354234765
20626 20629 1326752038
20696 20778 1327164311
12651 21100 1338904742
20732 20806 1327612519
19691 19691 1327021576
20521 20631 1327023132
20748 20748 1327203959
20748 20896 1327601027
20752 20752 1327097876
20768 22247 1340686910
20746 22475 1333346945
20746 43047 1385005927
20823 20833 1327376062
20833 36572 1336347226
20852 20812 1327423334
17896 22293 1334094091
17896 27562 1351265723
17896 19272 1394089973
19113 37373 1386696014
20870 20869 1327478015
20886 22343 1332490806
16716 20922 1327681493
20734 20905 1327635491
20905 20905 1328070046
10028 10028 1327663606
20919 20919 1359026866
20919 32730 1364874175
20887 20887 1327756328
651 27020 1350214302
21002 13980 1327990668
21019 21007 1328020997
21025 21020 1328033168
20994 33639 1367559990
14207 14207 1328092842
20982 20982 1328139520
21058 21058 1371442177
14006 22088 1342068424
21075 23898 1337793000
21075 31460 1360956736
21082 21070 1328228181
21083 21115 1328325437
21083 21295 1328927773
21028 7183 1341914586
10591 10591 1396653918
19544 23346 1336109964
19544 19544 1337278902
21162 27020 1352205086
21162 27969 1352522452
21163 21152 1328550183
21152 20809 1328951171
21171 32548 1364494267
21137 38250 1383265727
21183 21182 1328577961
20639 26834 1348810321
21202 21233 1328740050
21230 21230 1347637532
10518 39457 1378170390
10518 47253 1393229687
10518 47964 1394422180
21255 31807 1362023447
21256 44980 1390426952
21242 21242 1328842008
21284 42676 1384373296
18044 27497 1351049809
21194 21194 1329098293
21374 21479 1329514862
21369 4769 1354006137
8369 47640 1395422569
21428 21030 1329345456
21428 22718 1333814987
21437 36812 1373499614
21435 9164 1329500007
20740 21445 1329432888
21480 21504 1329588414
21452 21452 1330309389
21494 22369 1332601918
21494 24403 1339570673
21498 21557 1329719369
21536 20798 1329676422
21538 21545 1329701319
21576 21680 1330126276
21601 24461 1340313500
21622 21621 1329946967
21619 21759 1330408619
15124 32818 1365103846
21665 36655 1330267022
21665 22085 1331528737
21675 21675 1330380302
21692 21687 1330185270
21692 31890 1362270585
21700 21700 1349453982
21704 39401 1378050431
21698 33333 1366689788
21698 36061 1372443086
21734 22500 1333068171
21765 21793 1330527982
21785 24024 1338212028
21787 21671 1333808747
21787 25341 1343279471
21793 20284 1330522772
21781 32436 1364393216
21816 36441 1399337314
21817 21733 1330586868
21733 22325 1332473690
21825 22022 1331331620
21850 44331 1393814172
21850 21850 1394575475
21885 37415 1374388504
21180 21180 1371586791
20062 20062 1348235802
20062 22703 1333755576
21966 21966 1331480358
21979 14202 1331232429
21995 21969 1331287256
11444 24053 1338291625
21999 10747 1331833993
14549 14549 1382548808
20099 22024 1331338202
22036 34746 1370616325
20561 20561 1331496610
5697 27201 1350121413
9065 28074 1352880069
14925 24727 1340759238
22083 22080 1331527221
22064 22064 1345959567
22064 27865 1352258080
73942 22141 1332372885
22112 22112 1359901334
21810 25730 1345210344
21925 22196 1331957326
21864 20568 1341014304
19421 22553 1333264275
22094 22295 1332361704
22167 20568 1331862814
22166 43888 1386586668
22186 22156 1331932491
22191 22199 1331961245
22201 27056 1350818900
22204 27590 1351369301
22150 21399 1332066476
22215 26192 1368683995
21800 37238 1384179211
21800 23028 1395060945
22237 27659 1351553987
22250 22349 1332200123
21265 22252 1332208618
22253 30209 1359271007
22253 32003 1363901541
22260 23737 1337140576
22256 21429 1332516994
22279 22279 1336624466
22278 22556 1333277615
22278 42464 1383842720
16785 16785 1379666901
16785 44912 1388585854
22268 24139 1338542186
22152 22152 1332456400
22337 32427 1363992502
13653 25811 1345551438
13653 26503 1347653028
15187 22376 1332761289
22450 14218 1332904852
20325 22451 1332910397
22469 22173 1333077392
22481 26243 1365041644
22481 31858 1365173201
22492 22721 1333808401
17599 20931 1333059803
22496 22553 1333551801
22501 22510 1333088469
22503 22497 1333070210
22503 27232 1350264041
22503 33979 1368579437
22173 22782 1334026343
22173 24231 1338915253
22523 22522 1333139096
20840 20840 1333350467
22561 22561 1333384471
22608 13092 1380331161
22620 22653 1333587316
22620 22647 1333591819
22625 22625 1333567659
22326 24501 1339949344
21868 24644 1350536865
22663 22663 1333622934
22669 10724 1334835506
22447 22385 1333751826
22447 22782 1334039175
21884 31744 1361872724
13946 22700 1333751216
22748 22639 1333907890
22748 22769 1334903888
22722 22722 1333930530
22727 23959 1339479395
22727 6468 1357698831
22757 22008 1334009793
22757 25109 1342338505
22757 13148 1347906222
22008 23327 1341738757
22782 22812 1334127031
22606 39246 1377895004
22606 43129 1385395858
22802 22802 1334321917
22804 18850 1358917985
11084 31670 1366135389
22830 22829 1334189700
22832 42971 1384891884
22833 22851 1334252714
22833 20829 1335416284
21652 21652 1334558119
21652 31913 1362402659
22880 43941 1396925622
21332 21332 1334369683
22906 22865 1334440006
22907 22916 1334474008
22873 21992 1377052518
22917 24433 1351252971
22925 48759 1395847991
19510 22969 1334677754
22973 32101 1362971843
22977 22313 1334696770
22975 38308 1375999347
22972 22972 1334843025
22984 23150 1335218550
23015 23015 1360836729
23015 46973 1392428649
23021 23018 1334797732
23034 23034 1335403827
23075 23083 1334968750
22841 22675 1334952685
22841 23108 1335063142
22841 6048 1340200842
21697 49731 1398130758
23022 26361 1347677297
23086 23085 1334980747
23085 23085 1334984655
22216 27431 1352162175
22216 43465 1395904520
9479 9479 1339698138
23112 31217 1360372929
23204 23204 1355009382
23149 23149 1335212235
23122 26460 1362071865
23200 23181 1335374427
23194 23194 1337348066
20829 20829 1335498233
13092 10448 1346498377
23229 23238 1335486906
23237 23740 1337152034
23237 32151 1367175684
36572 6728 1367451720
23222 12586 1336434494
23288 23306 1335728378
23327 21641 1335785275
21641 23773 1338224162
24703 24703 1374707310
23398 23397 1336005824
23434 39948 1379105725
23346 23346 1363564596
8537 8537 1337143342
23520 23523 1336448470
23519 32051 1362820767
23534 25904 1345778878
22967 22967 1336672252
22967 29720 1354805053
23540 38433 1376117603
23584 23582 1336632896
22338 24446 1339689857
13729 23709 1337041446
13729 23843 1337574098
23732 34898 1369408492
23028 27690 1351615404
23028 11674 1351763090
23753 12604 1382851909
23753 23753 1391893600
21201 27279 1350357848
23578 24333 1339488135
23778 23778 1337395321
23796 23789 1337543024
23798 24423 1339624343
23789 23789 1341258095
23804 18264 1337414531
23812 22572 1337446909
23818 40549 1380331016
18308 23810 1337481492
23661 11684 1348438049
23661 46891 1392277236
23850 24267 1339034603
23850 43508 1385892196
23856 23855 1337637934
23870 16666 1337697775
23900 23900 1367949478
23911 35182 1371835641
23915 23915 1337855770
23762 23948 1337962799
23935 12218 1341638159
14166 34494 1369853732
21553 21553 1348707723
23959 23998 1338124281
23982 24016 1338178527
23991 23986 1338099630
23993 24682 1340609557
23998 24019 1338205141
23976 24035 1338245525
24034 44099 1386904792
24048 24042 1338274389
24060 38700 1376854218
24074 23164 1338349466
24043 24112 1338442013
11599 27714 1356666585
11599 27398 1372788049
23944 23944 1338521438
24144 24144 1338567033
24144 44770 1388297711
24150 24180 1338700342
24150 24150 1338921878
24195 24195 1354944288
24192 30155 1376545901
22741 15052 1340124863
22741 25384 1343490193
24231 24231 1378822316
24248 24228 1338965960
24228 14536 1340927513
24021 26178 1346730920
23373 24408 1339601663
24383 24379 1339513173
24396 24396 1339710304
24401 15004 1339558109
24403 24299 1339566359
24444 24430 1339688840
24460 15114 1339720965
24478 24819 1341176609
24478 30994 1362908183
24478 47900 1394187536
24492 22345 1340254437
24492 25102 1356065248
24494 29755 1354927184
24494 29510 1361192392
24494 36212 1372608328
24502 24715 1340811339
24527 24576 1340202597
24541 42015 1390660432
24542 24646 1340416707
24547 24853 1341311301
24554 28043 1368800293
22345 24707 1340755410
24611 24611 1343223679
24338 15540 1346036218
24442 26082 1346366670
23907 23907 1346764690
24640 24636 1340404501
24641 12081 1340738024
24645 24670 1340570129
24661 24711 1340776966
24669 26585 1347924844
24700 24695 1340680288
24706 42656 1394453811
24713 11949 1340891177
11949 41032 1381279101
24781 12849 1371585030
24769 24769 1341010586
24796 26517 1348288533
24798 44152 1390272960
24768 36005 1372395381
24820 24274 1341269970
24820 49825 1398095049
24274 25047 1342040345
24844 24843 1341277089
24864 27552 1351242807
24604 24884 1341406036
18698 26882 1354059714
24872 24872 1341730637
24634 24634 1363363546
24634 23064 1363591367
24978 24980 1341773179
24979 16941 1343413605
41060 41060 1384062731
24993 25954 1346055590
24999 25004 1341870948
24999 25325 1343231239
25011 24901 1341887179
25013 25013 1341966320
25013 21940 1341955546
21940 9611 1349933934
25017 18498 1342204133
25017 41796 1382643951
25033 23013 1343278194
25054 42400 1383846469
25080 25494 1349162970
25091 25091 1342832264
16035 16035 1343332812
25102 26600 1347973105
25099 25099 1344031235
25101 25244 1342833382
24952 25127 1342386452
25145 29449 1354039027
25145 31974 1363972823
25145 13917 1386227027
25146 25184 1342577665
25156 25166 1342505850
25160 29241 1353397301
8775 29357 1361666752
25179 25207 1342667475
25194 25194 1342592244
25209 25209 1342740049
25247 24854 1348485735
24078 25642 1387789968
24078 48312 1394941046
25312 25097 1343175801
25322 27111 1349819079
25243 25248 1343379361
24313 25490 1343968685
25260 16533 1343376048
16533 33600 1367502716
25356 25580 1344465496
25356 20550 1346182988
25390 26052 1347397109
25452 25452 1343796944
25329 25458 1343833254
25458 25465 1343862966
25476 25460 1343894922
25486 25455 1344237476
17086 17086 1344172638
25484 25552 1344272969
25105 25497 1344053487
25516 46119 1395187147
25530 25560 1344299224
24792 33828 1381325089
24792 24792 1381630303
25455 27530 1385426611
25565 38434 1344313970
38434 29961 1375486292
25527 7066 1391327898
25577 1190 1344375202
25577 32135 1366290684
25580 25580 1344460225
25585 25585 1349329835
25602 25602 1345144521
23381 29784 1369383935
23381 23381 1369541449
25609 11638 1361283503
11841 25619 1344572840
11841 26226 1346939902
25619 25770 1345272153
25619 25931 1345885461
25643 4789 1382434187
22019 34515 1370489241
25740 36836 1373428737
25713 11638 1361283071
25770 25772 1345282350
25770 25775 1345292247
25791 41303 1384227192
25792 29973 1364473454
20491 20491 1353693838
25799 26202 1346795156
25807 27220 1350711498
25863 49917 1398291966
25852 25935 1345871754
25494 32852 1365246652
25494 27603 1377688247
16464 36262 1383764390
9271 11527 1346427109
25956 25954 1345992139
15540 40849 1380859341
25985 24787 1346077655
25995 25995 1346941523
25980 26748 1390402450
25980 42387 1392216314
26017 26017 1349032347
26009 26030 1346250597
26040 31204 1370034742
26040 25812 1397280085
26041 26327 1347276847
26041 26354 1347297692
26137 23016 1346549670
26152 25665 1346617704
26140 26156 1346631517
26140 26195 1346782534
26178 26178 1370788488
26200 26194 1346793942
26286 29724 1354815956
16445 16445 1348602031
26300 26291 1347104057
26327 18338 1347206333
26352 22315 1370525070
890 34518 1375283706
26059 26369 1347358416
26059 17509 1350009562
26369 26369 1347371676
26397 26400 1347401343
27328 40637 1380474686
26486 26486 1347616087
26486 45004 1398160978
26018 26489 1347592815
26018 19283 1347896789
26018 6045 1349453121
26449 26449 1357465684
25051 27188 1350101864
25051 28052 1353151170
26520 26375 1347683629
26375 26722 1348381298
25812 35089 1372876977
26600 26644 1348095647
26656 26594 1348130106
25414 27381 1369320980
26220 26630 1348151784
26250 26250 1348324970
26250 34575 1370051614
26691 26691 1349293595
26700 48449 1395237503
26653 26653 1348274698
26701 27663 1362289990
26701 34353 1369441560
26701 43714 1386275156
26766 26766 1380355453
26778 27084 1349725268
26778 13887 1369851980
26778 39675 1378593143
26798 29628 1354574952
26823 26825 1348775116
26825 26844 1348929956
26845 26845 1349733760
26862 26862 1348979013
26860 26901 1349032175
21136 36177 1381800884
22976 22976 1349415652
22976 39560 1378347684
25999 25999 1349415568
27018 27018 1351421879
26078 26078 1356473103
7712 27016 1349486536
27034 27034 1379645759
27047 27032 1349561494
27049 27042 1349566320
27056 27110 1349813056
27056 29536 1354319108
24133 29763 1360729669
24133 32165 1363206400
24133 4836 1369261068
27111 36085 1397799435
27189 18180 1350582903
26474 27205 1350132095
27205 33318 1367008144
27233 27229 1350259078
27229 4497 1350546599
24119 27957 1352484484
27261 25613 1350324029
27261 27345 1350577313
27287 26580 1350401508
27293 27293 1350419009
26336 35018 1371686915
26336 35139 1371760095
27341 27341 1351428660
27380 27375 1350662972
15023 27382 1350715803
15023 31413 1360971038
27398 29283 1370736129
39184 39184 1396610940
27417 27412 1350824188
27402 27486 1351026768
27441 27457 1350942218
23874 30904 1359090357
27456 35051 1371511812
27456 42040 1395860553
23689 27222 1351055881
27499 27513 1351103113
27164 27164 1351112998
27164 19684 1359596227
27576 22468 1351313072
27588 27586 1351366553
27592 27592 1357372985
27592 40518 1380200523
27637 34714 1371044857
27681 27677 1351600313
27663 30689 1358479326
27663 30933 1359188009
27704 30530 1358223894
21155 32570 1364413608
27724 27728 1351811917
27724 27734 1351818292
27729 27729 1351815669
27729 27740 1351827385
27761 27118 1351878643
27770 30971 1359400769
42371 39885 1390097730
42371 48838 1395987249
27781 27789 1352516620
27828 50237 1398916914
27773 19850 1352131769
27869 27869 1352247297
22073 30628 1358153078
27890 27954 1352481225
27890 28144 1353059462
27896 29493 1354757725
27896 29706 1354804053
27941 29762 1355005157
27967 27967 1353740632
27986 27986 1359116613
28002 25062 1354076647
27991 27991 1352757365
28052 28190 1353217956
28052 28204 1353271740
27960 28106 1352952678
28069 28068 1352841249
27832 34296 1369335454
28147 28159 1353116645
28151 28200 1353266787
25062 26689 1353118288
26689 23053 1353465058
26689 38825 1391912932
23444 50473 1399437951
28178 16517 1355028190
827 30555 1357937397
73967 33904 1380790829
29241 38219 1382778561
27895 15566 1360746715
27895 25701 1365472827
29231 29231 1380129282
29256 33450 1369961925
25590 29341 1353691590
29283 34519 1370175019
23252 42567 1384102508
29309 29315 1353620686
29330 24132 1367389154
29330 35500 1376080029
25202 30144 1356220740
29353 29340 1353732234
29349 29349 1353852174
29333 30847 1358890573
29333 31111 1359857712
15566 8099 1383950769
29404 29432 1354146719
29404 33724 1372998198
29413 29549 1354326626
22217 43335 1386299529
29482 24151 1354215785
29536 29536 1360880057
29543 28141 1354329673
29555 50650 1360780081
29555 32376 1363845297
29555 35800 1376701482
29566 31864 1391076421
29566 46737 1391993260
29578 29578 1354552221
29578 29817 1355150147
29600 29587 1354519109
29591 29680 1354689135
29617 29624 1354565425
29611 32639 1364621460
29634 30203 1357955224
16517 29643 1354616150
16517 29712 1354774333
29667 29547 1354670486
29671 27305 1354678997
29663 20586 1367809419
29625 43469 1385783567
29777 29770 1354988854
29797 29784 1355083656
29829 33028 1365735817
29829 37813 1378498252
29691 29691 1355448297
4878 37436 1376420359
4878 41654 1385089361
29893 29891 1355375486
29902 30176 1358551236
29902 30923 1359158239
27566 27566 1365463116
29911 31010 1359504270
29936 32612 1364527180
29968 30926 1359165847
24201 24201 1393049353
29980 36373 1372817279
30026 20527 1358283852
30035 31105 1362639097
30041 30040 1355820806
30038 30066 1355890563
30058 30304 1357538350
30087 30077 1355948344
30090 30060 1355953257
30060 30119 1356047758
30096 30092 1355964593
37385 37385 1395357914
30088 30088 1356038625
27736 49656 1397660070
24179 30954 1364747095
30184 24963 1356380406
30194 27002 1356408037
30196 26069 1356442349
30172 48958 1396494238
20311 41581 1382265449
30176 24152 1358790344
30209 38379 1377214001
27069 27069 1356671627
30259 23014 1356909269
30259 33295 1367022113
30267 33792 1367973271
30264 31371 1367358778
30342 21663 1357104444
30356 30379 1357253638
16678 33389 1366908376
16678 35894 1372354094
30379 30418 1357445516
30277 30277 1357300608
30420 30418 1357445388
28011 30884 1365126192
30480 30598 1358310745
30491 41279 1381744001
30491 30491 1391362846
30537 30537 1365795599
30210 30504 1357870493
30210 27932 1358467392
30210 30728 1358471003
30554 30545 1357878589
28209 32600 1384642150
30376 30595 1358038987
25347 25347 1358047421
25997 25997 1358029903
25997 30602 1358056156
30593 22795 1358035216
22795 22795 1383229241
30601 30601 1358242738
30611 30610 1358096984
30611 30621 1358121636
30618 30808 1359098484
30662 30638 1358252742
30679 32635 1364605199
30679 34943 1371169993
26756 30916 1359155830
18117 31040 1360182792
30706 47840 1394344661
27932 36085 1372470724
30755 30747 1358534568
27446 27446 1358553269
30781 30781 1359171714
19325 46332 1391520527
19186 30829 1358814698
19186 19186 1361609401
21271 36752 1387579136
30846 30846 1358974483
29444 30263 1358963271
29444 37119 1374503826
30868 30855 1358980554
30879 30879 1359025460
30924 25337 1359162118
25337 31352 1360628226
30912 31040 1363109460
26705 26705 1365328947
30933 30943 1359224795
54780 47969 1394404511
30997 31020 1359522145
19684 39187 1378106777
19684 39635 1378500623
31071 32051 1365776226
27767 9663 1361266734
27767 34712 1370545590
27767 45116 1389939163
21482 33954 1368506668
31112 25701 1360917377
17506 17506 1394636713
31164 31162 1360023819
31040 32194 1363823604
31052 31052 1360208850
31085 31085 1360292829
31217 31217 1360642713
31301 31300 1360443697
31251 31251 1360462584
31251 32130 1363081149
30827 43198 1389286605
31316 31177 1360605627
31177 31177 1360589923
31242 31242 1360540755
30641 35183 1380425793
31348 37911 1375240466
31278 31278 1364767913
31278 32151 1368238466
31275 31607 1361407994
31371 32057 1363270707
31371 31735 1363527183
50650 31512 1361648776
31421 35180 1371834020
31424 40542 1380240367
31429 31429 1360838812
31429 49370 1397040061
25701 30397 1364941307
31461 31461 1361025073
31178 31178 1361073080
31475 31530 1361208991
31475 31583 1361323977
29510 29510 1361923096
31524 13095 1369556223
31530 32008 1362670334
31549 26925 1361568494
24132 43445 1388312241
29738 31533 1367293978
31285 31285 1361324651
31584 31558 1361326751
31558 31558 1367793084
31622 31963 1362527636
31664 31664 1361928509
31684 31684 1361834084
31715 24620 1361769084
31721 31718 1361772490
31532 33213 1366296105
31532 43771 1386351142
12055 25514 1368488303
31750 19096 1361888930
19096 45682 1390062317
17630 29326 1361892110
2306 31752 1361914464
31765 31756 1361928313
31765 31765 1368559902
31802 31802 1362181663
31803 27153 1362459362
26635 31894 1362291629
31818 41604 1382312847
31789 31789 1362139418
31864 31939 1362546672
31923 31923 1365938981
31931 16714 1362448267
27153 34106 1368878244
31947 16301 1374210902
31495 36938 1374895094
31952 31952 1362555440
31978 31006 1362727272
31991 31991 1362683954
21919 32695 1364864741
31960 32421 1363984091
31960 32948 1365538252
31994 29491 1365750434
32010 32007 1362663637
29491 38085 1379302828
29491 36961 1385094351
32026 32026 1362716344
26295 26295 1362725638
37371 32274 1364007641
37371 33700 1367712036
32083 27805 1363043071
32143 20726 1363132214
32142 32163 1363192497
32156 32156 1363165748
32057 47027 1396337723
32197 32216 1363333760
32223 32223 1363377812
32259 32259 1364879106
32271 33047 1365815937
32271 33328 1366673819
32274 47969 1394330305
9485 39332 1381092964
26510 24930 1363571112
31051 31051 1363724404
14835 14835 1388738391
32372 21685 1366413133
32344 32559 1364390616
32344 32778 1365003417
32344 32962 1366284163
30525 49954 1398366697
32409 32638 1364623306
32409 32612 1364781895
32424 33998 1368978552
32424 32962 1370488537
32463 32462 1364097919
32470 32470 1364303729
32470 35324 1374759273
32474 32472 1364127898
32483 32749 1364913146
31437 31437 1382923382
31437 47999 1395114203
32526 41513 1382134020
16852 37703 1387219668
32436 32644 1364643322
32602 19928 1364504160
36186 32599 1364663432
32695 32706 1364817227
32681 39187 1377592271
32720 15019 1364856267
32746 32746 1370146289
32746 43112 1385138001
31956 32741 1370640826
32809 32809 1371181258
32818 33015 1365791100
32817 38509 1387874189
17508 32847 1365201158
32871 37786 1374890679
32882 33905 1368384402
32907 32869 1365411021
32910 32905 1365424158
32938 34674 1370644083
13767 13767 1398973742
32958 32958 1365605632
24859 32970 1365604703
24859 30999 1367254800
32985 33373 1366779805
32999 33367 1366751931
32994 32994 1365692015
33013 33004 1365700925
33028 32710 1365737066
33041 31821 1365763925
33039 43263 1390700062
33039 46775 1392192861
33047 33450 1367040243
33091 33083 1365943632
26698 26698 1371330788
29961 36145 1381648232
33058 33122 1366054760
27004 27004 1390029214
27004 31234 1391847015
32135 33497 1367125078
35324 33290 1388003392
22235 22235 1366341004
21685 25563 1385013439
33254 33269 1366428490
33291 33289 1366556758
32741 32741 1373310140
33386 32480 1366810036
32480 16301 1374214062
33090 45570 1389976737
33128 50538 1399558560
33441 23455 1366953629
33441 35037 1371845771
33434 33434 1367259480
33481 33479 1367089203
30999 44901 1388971387
25528 36931 1374738881
33550 33550 1367405140
31451 31451 1396512567
33616 33614 1367499292
33631 33604 1367540982
33650 48933 1396231702
17968 33903 1368309717
17968 45235 1389206008
33648 38799 1376872707
33666 33711 1367784636
33698 33829 1369291461
32660 38295 1382051420
32660 44169 1387058754
32660 44832 1388806177
33749 33745 1367882732
33751 33765 1367904828
33724 24927 1368339607
33724 37191 1374007640
33736 33736 1368002275
33828 38713 1376721977
33828 41807 1383623704
33858 33912 1368325539
33489 42440 1386738829
33927 34463 1371147622
33702 33702 1368413770
42411 41219 1383784229
33829 33850 1368492426
33974 33960 1368568684
33998 33996 1368595735
33996 47184 1392901838
34008 34007 1368624988
33835 34534 1369924909
33852 34314 1369474185
23197 23197 1368842918
34117 34117 1369229410
33286 46332 1391393179
33286 46793 1392100863
33286 49425 1397143585
4422 34157 1369082576
34213 34213 1369152379
4836 34268 1369283268
34221 34221 1369308108
33757 34717 1370656395
10423 34320 1369370804
10423 34704 1371253552
34276 34276 1369695358
34898 34898 1371050486
24482 34177 1369434446
30302 30302 1369622100
33520 33520 1369547326
34427 39770 1378844603
34427 34427 1389367629
34154 34430 1369701014
34451 34414 1369735439
34414 34510 1369870507
34483 42537 1390844546
34511 34743 1370605500
34515 34544 1369960686
34515 36014 1372402949
34575 28085 1370321525
34598 34568 1370161559
34640 34580 1370338178
34640 37661 1377130706
34687 34573 1370462133
34256 34680 1370484440
34256 38585 1386275928
34692 34721 1370560545
34707 34345 1370539648
34671 32830 1372987377
34735 34744 1370605526
20418 34755 1370636579
15899 15899 1370620767
34723 34821 1370842409
34777 34875 1370993252
34807 34821 1370967410
31016 31016 1370859899
31016 34831 1370880278
34858 34976 1371256403
34870 34767 1370985078
34884 36938 1373864120
34859 34922 1371586997
33946 33946 1371070405
34726 38032 1375357791
34974 36452 1372895319
34978 23795 1371260085
35014 36862 1373509053
10199 10199 1371525290
34944 34944 1371833280
35074 35065 1371580493
19456 35079 1371590825
35115 35245 1372032782
35228 35228 1371962942
35245 35186 1372032367
35098 35405 1372173524
35587 35256 1372205099
35587 26012 1382130814
35593 32866 1398297247
35609 44158 1389486443
35810 26342 1379715704
11152 35875 1372352593
35986 34866 1372389086
34866 34866 1372519563
36061 36274 1372696981
36079 35936 1372464680
35936 42291 1386234039
36099 36063 1372480249
36073 36073 1372623529
35066 35066 1372688056
36047 24498 1376840377
35946 35946 1393631455
35468 36545 1373004861
35468 37214 1374184525
36506 36865 1373474977
35673 32866 1373023879
35673 35673 1384491648
36554 36697 1373399926
36554 36148 1384095208
36575 40381 1392235320
35529 49968 1398904562
36588 36588 1392599551
30909 36605 1373112603
36721 36721 1374220454
36887 36972 1373629640
36895 39117 1397360014
36938 36611 1373765878
34461 34461 1391035497
37033 37028 1373715516
15342 34094 1373741478
36611 48585 1395528966
37059 45070 1390509646
37059 43560 1393038026
29422 29422 1391469817
37087 37104 1373863539
36625 47856 1394158371
13042 13042 1373915756
37134 37134 1373940173
2126 47687 1393846898
36450 37618 1374623231
36450 24498 1374992942
37214 38832 1379713740
37214 49983 1398400364
37238 41512 1382133514
37308 37320 1374202651
25700 38926 1378310346
37353 36877 1387314569
37395 4504 1374288095
4504 43442 1385788819
37144 37144 1379390044
37410 37400 1374327329
32036 35222 1374468262
36931 38308 1375916318
37394 38393 1376067036
35800 37024 1374550446
36892 40054 1380561480
36110 39492 1378993835
30462 30462 1397962801
25563 37778 1374890017
37799 14110 1374925427
37799 37799 1375182528
24498 37867 1375091659
37822 48280 1394872751
34063 34063 1384046119
37849 37891 1375116248
37813 40105 1379445934
37934 41143 1381442099
37843 47245 1393000014
37216 38743 1376779335
38104 41635 1382384757
38129 38129 1375737421
38200 41274 1381779516
38297 38283 1375894232
38337 38330 1375956400
38375 37803 1376002211
35433 38402 1376061613
37405 45482 1389765673
38435 38445 1376123143
37436 24304 1384649129
37762 37762 1376442201
38295 38295 1376609376
31327 31327 1393021687
38610 39289 1377767437
38744 38744 1378471499
38798 38798 1377192139
38862 38827 1377004782
38862 38862 1395439666
38851 40368 1379963089
38851 18785 1385688268
38851 47184 1393051446
38893 38889 1377046365
38889 38889 1398897161
36155 46845 1392197207
38971 38521 1377201249
39005 41486 1382110353
39005 42397 1383757521
38654 44293 1393283186
38322 38322 1396562492
39086 39086 1384814406
39117 33549 1377771834
33544 39177 1377575979
39227 39284 1377755868
39246 40489 1381080415
39246 44126 1386966794
39307 39304 1377799450
39332 40939 1381092229
39332 43919 1386645713
39348 40911 1386443510
39348 39348 1386704361
39507 42207 1395291926
39229 41269 1381722442
36563 37682 1378315602
36563 40054 1380816172
35872 39589 1378407987
39552 40080 1379399932
39602 36221 1397369582
39677 26349 1378949450
39717 39744 1378752278
39752 47248 1397918583
39758 44326 1387335719
38585 43402 1387854442
26349 40078 1379939522
39885 36640 1379008245
39885 43949 1386714462
39883 44868 1388685076
38085 38085 1388964827
40090 46591 1392093326
40090 48933 1396243922
40116 40074 1379445624
40087 33878 1393875768
40133 40138 1379476188
35733 49598 1397523620
40042 40042 1382709903
40330 40078 1379878527
39387 41973 1383158155
40096 40632 1382464994
40096 40096 1393618043
40051 40051 1379907148
40368 47795 1394048410
40437 40421 1380061430
31059 43318 1385511994
40472 42547 1384255485
40476 40476 1380257931
40504 36672 1387244152
40502 45431 1389565059
40592 39756 1380359188
40595 40589 1380366140
11183 11183 1383117943
39804 39804 1381520099
40671 40654 1380537067
40659 42091 1385755644
40054 42327 1383620625
35445 35445 1380571092
39310 39310 1397775847
38361 40901 1380996430
40748 40752 1380686058
40588 40588 1380700851
40837 40499 1381181653
27400 45063 1388966921
40499 40991 1381180192
40499 44722 1388190634
39915 26401 1381132564
558 558 1382845456
40995 40933 1381173161
40997 41782 1383875522
40038 46104 1393886987
41082 41082 1383865747
41123 44376 1390411586
41140 41064 1381441283
41166 43793 1386372648
41306 41306 1381853797
41371 38698 1381964732
41283 41359 1381923737
41301 43571 1386055651
39485 42545 1383981626
41401 41410 1381974276
41438 41455 1382058309
41514 45658 1389988562
41568 41568 1382375582
41596 27358 1382301074
34776 34776 1382632438
41759 34419 1383165636
41759 31757 1383972260
40911 16186 1394777401
41818 41771 1382671252
41837 41837 1391695584
40439 46997 1392737617
41900 30633 1383780876
12604 42317 1383611870
40998 42656 1391810615
41953 41953 1391402707
41997 42232 1383438560
42038 42642 1384205040
42059 42355 1392550879
40145 46127 1391651083
42087 36356 1390707097
42087 42087 1392599497
41650 50507 1399490656
32906 36672 1383293075
36672 44081 1387253903
41654 3487 1391239639
31308 42210 1383367693
31308 17440 1398509719
42346 42340 1383644119
42375 42373 1383699681
42387 42409 1383776663
42483 41802 1383865013
41782 42931 1385258461
42488 16146 1383871215
42513 19370 1383906560
42537 41720 1383954839
42537 44094 1387223282
42619 44203 1387169470
42619 32959 1387233324
42693 41704 1384305168
42572 42572 1384413835
21124 47533 1393498641
42389 42389 1384483172
40458 43439 1387636329
42944 42945 1384841698
42971 43517 1386091974
42407 42407 1384897207
43014 14555 1384959323
43060 43190 1385321964
37212 29876 1385130632
42021 42021 1395823884
43192 43192 1385333542
43222 12122 1385373412
43263 39004 1399514939
32325 46298 1392272863
43270 47893 1394176695
43309 49089 1396584425
43364 46142 1390981993
43383 18785 1385805193
43385 43385 1385751006
43385 43484 1385817294
43478 31866 1385807117
14563 17386 1386394695
43569 43552 1386054644
43569 43716 1386284971
43735 43738 1386306389
43735 43954 1387195573
43793 43946 1386716871
43796 37103 1386380051
43796 44565 1393378204
43888 8948 1386585995
43938 13748 1386853420
24642 47752 1393962213
43954 44086 1386892208
44115 44906 1388814615
44255 48140 1394657871
44363 44349 1387416721
44293 45138 1394466432
35706 41255 1389865003
44547 44464 1387725180
17651 17651 1387801129
44596 44592 1387846852
44620 44602 1387892299
39853 44667 1388028642
44701 44701 1388318189
44729 44678 1388186992
44763 44771 1388298517
37855 30682 1396073697
37855 48867 1396128359
44862 39522 1388467215
44862 45657 1390003071
37875 41662 1388482859
44928 44928 1388791533
44966 44651 1388712763
44967 45064 1388896382
44967 42367 1391822684
45000 50417 1399388272
44291 45012 1388793800
44291 45124 1389044125
44291 48547 1396891708
44201 11475 1393856060
37644 49410 1397097967
45214 45356 1389400279
45413 45494 1389724668
41666 41666 1391564386
45469 45469 1390629996
45644 43296 1389996239
43296 46591 1391679193
43296 42501 1392172456
2937 48029 1394456764
45262 46975 1390141451
45729 42207 1395872452
45746 38249 1390888109
45745 38947 1390280599
42542 44979 1390269099
26038 45733 1390370295
45864 46046 1390848945
45864 46164 1391028381
45868 46660 1391784680
44362 50073 1398627999
45932 45982 1390685368
45982 45115 1390724393
46078 46078 1390899380
46094 46094 1391049750
46167 27790 1391035414
46176 38600 1396733849
46291 46292 1391287888
46332 46344 1391397288
40109 45915 1391409607
46424 46929 1392355836
46461 46326 1391463111
46472 46472 1399496579
46298 40218 1391818637
46298 50471 1399420908
46566 14440 1391638083
14440 49765 1398411374
45393 46510 1391656961
46575 49434 1397286231
46575 49066 1397450252
32261 48503 1395335173
44539 46626 1391763717
44539 44539 1395935395
41305 41305 1391982897
46773 44534 1396967386
46773 49628 1398700312
46690 47386 1393870166
46690 47573 1396439973
46889 41235 1392271963
46903 16507 1392307773
46918 46900 1392350064
46900 47184 1392979216
46104 48183 1394755161
46987 47462 1396105232
46952 46952 1392800961
47144 47147 1392806570
22079 46599 1392805303
45138 45138 1392843036
47260 47593 1393713038
47269 47279 1393062429
47256 35648 1393045621
35648 47294 1393114626
47312 48408 1399765222
47328 47347 1393213062
46039 46039 1393210314
46931 46931 1393220603
47356 47356 1393252587
47365 47224 1393239480
47373 47368 1393260263
41736 47586 1393558394
39004 28145 1396563106
47462 45210 1396717042
47462 49045 1397917743
47482 50262 1399666806
47469 47369 1396178877
47544 46859 1393605093
47586 49265 1396980206
41901 41901 1393588603
47510 47510 1397627723
47628 43423 1393662319
43423 49642 1397662475
47709 36103 1396403215
39815 47499 1394727865
47763 47915 1394228075
37708 37708 1398186659
37433 48255 1394840924
47999 47094 1394382702
47964 50157 1398748179
47430 39773 1394457550
47751 47751 1394469117
40014 47971 1394634732
47971 48127 1394639125
48127 44534 1396797665
48273 48296 1394916782
36886 36886 1395050699
48366 48391 1395100796
30366 30366 1395362898
43172 49031 1396916037
42207 48438 1396320239
46785 38114 1399392268
48505 48504 1395342452
48525 38600 1395370685
48525 23797 1395922738
48525 49002 1396438750
48136 48136 1395417545
36677 36677 1395513434
48584 41416 1397193007
48584 50537 1399611380
41522 41522 1395605706
34464 49013 1396408622
48752 48752 1395921400
37096 37096 1395852355
48772 48760 1395887675
48757 50718 1399925717
48814 47772 1395951054
48851 48903 1396152889
40023 40023 1396126016
48554 50656 1399754250
48933 49777 1397965560
43672 48944 1396326608
49045 50651 1399747156
49119 49119 1399275856
44137 50447 1399406007
49268 49268 1396929788
48954 49266 1396901832
49406 49409 1397098105
49404 49672 1397095396
49438 49394 1397167386
49438 48408 1399769028
49446 49460 1397186091
49446 49483 1397238291
31944 31944 1397181512
49292 49292 1397188883
36985 49044 1397344837
47248 49537 1397364380
47248 50407 1399337790
49628 50039 1398545780
45600 49927 1398314037
48408 50662 1399771848
46677 44937 1397793944
35660 30582 1397979372
34774 34774 1397968427
49793 28199 1398029012
49936 49928 1398326444
49957 48265 1398367614
48790 49990 1398400573
7606 7606 1399925367
50066 49203 1398610585
37777 50086 1398653655
50128 50133 1398729480
50164 50163 1398758104
50355 50353 1399221507
50311 50311 1399374074
50465 40734 1399668762
50473 50473 1399521503
50551 50511 1399567834
41322 49105 1399573463
38068 50606 1399675644
50667 31814 1399780306
50685 29337 1399848283
