28 378 1255614319
56 2988 1262635522
97 9582 1285711794
132 1544 1257646320
151 2869 1262061230
211 31272 1360597463
271 46217 1391127427
910 1057 1256614645
986 76 1256086857
182 1065 1256357637
436 1273 1276186219
423 648 1255894394
467 590 1255848878
550 1163 1256596361
538 562 1255831472
570 5483 1271932698
669 12090 1294475739
687 4747 1270177633
734 3692 1364587992
772 18283 1339751128
178 1733 1258096231
773 779 1256018652
109 1800 1258751830
836 860 1256120056
851 835 1256108542
873 878 1256137541
885 6854 1283030837
180 22877 1334313477
962 1170 1282955149
996 1494 1257417175
997 1844 1261534619
1013 1071 1256368939
1027 11502 1292297282
1068 18089 1321655083
1054 3819 1265414001
838 4199 1267026761
146 16336 1310271038
1202 1566 1258549303
927 3885 1265613866
20584 1178 1256970590
1216 1258 1256783299
1268 686 1256809753
1104 2929 1262364162
874 5780 1272847875
1403 4420 1267908852
1401 1308 1257243454
1404 15449 1319432561
1120 1535 1260521586
1442 1471 1257364975
1214 1519 1257468649
1172 2730 1261822408
1570 1577 1257594497
1594 6099 1275439681
1629 1626 1257805480
1643 7200 1282436648
1649 6288 1274737566
1664 45546 1389766510
936 2034 1259002541
932 3682 1265013115
1364 2120 1259378751
1684 23884 1337734415
1692 1714 1258050168
1020 12059 1294356723
1743 5068 1280312080
1761 2322 1260046616
1779 1780 1258182499
1782 1983 1260499182
1791 3907 1266124261
1810 1796 1258281226
1823 1879 1258544296
1825 19860 1338453315
1837 3291 1272235493
1846 1591 1258421471
1865 1864 1258504685
1915 15474 1306795432
1927 6719 1277904378
1928 1987 1258787038
1937 12292 1295378706
1948 1949 1258693508
1979 3000 1268291958
2014 2711 1261286564
2023 10761 1289517873
946 9292 1284788603
1956 12531 1296114416
2096 4536 1268287942
2099 2102 1259297042
2111 2121 1259390831
2117 2657 1261105208
2122 6710 1278321211
1134 2446 1267138977
2223 13967 1301351588
1930 10220 1288128498
2286 3052 1262918309
1876 3565 1264579543
2329 37216 1375569176
2259 448 1285884521
47710 8197 1339095468
2458 2447 1260407796
2474 2509 1260579637
2490 12500 1296090606
2231 2500 1260535946
2515 2541 1260694539
1681 12314 1295448096
2569 7573 1279167928
2714 16124 1309574682
2734 3031 1265924754
2818 16792 1322947654
2873 2877 1262104994
2878 2872 1262106781
1100 24021 1346271654
389 2974 1262647589
3017 9919 1387645790
3023 14570 1303360490
3056 25725 1345062308
2285 24877 1341551295
2989 9981 1299083414
3161 5660 1272804339
3244 3287 1263619782
3246 4490 1270001554
3275 4338 1273987857
3267 15826 1308275874
3281 11581 1292808567
3315 4067 1266494431
3314 3598 1264689260
3346 3361 1263855393
3357 10110 1311657712
3369 14191 1302171954
3375 952 1371658667
3096 3675 1265424801
3427 1961 1264087925
3458 3432 1264153669
3492 3508 1264370611
3494 3762 1265249562
3513 16524 1310968068
435 5288 1271007246
3478 27994 1352613368
3613 3605 1264739509
3602 47120 1392758794
3627 30505 1357739277
3628 36296 1374357578
2576 24126 1338496206
3645 3671 1264988268
3579 10769 1291683413
3649 3843 1265509582
3713 20112 1324538224
3756 8629 1347396847
3779 18014 1316767886
3826 1448 1298517347
3837 24508 1363722206
3857 5116 1270330081
3882 4389 1267778819
3899 4436 1267949543
2677 4994 1284496564
3898 4408 1298257513
3903 34325 1369385497
3939 3940 1265886952
3952 2781 1284885779
3960 7456 1296254594
4000 76792 1266228070
2158 4302 1267408493
3816 15933 1308730192
4035 5626 1272607542
4095 4594 1268525520
4120 8544 1282033890
4205 18323 1317994922
4239 41269 1381724491
4222 4557 1268353057
4268 4300 1267394466
4280 4279 1267299058
4287 4288 1267313801
4327 2109 1274650956
4342 22206 1331999267
4330 32896 1366035178
4358 19007 1327003138
4363 5536 1272577780
4379 45065 1391053969
2245 4491 1268111691
4384 10871 1289954604
4481 14812 1318489090
4524 25275 1343016056
4534 31293 1372642955
4544 15749 1307978449
4637 4650 1268678213
4648 29218 1353342748
4669 4734 1268987406
4685 14328 1305961046
4698 10659 1289243128
4731 22668 1333522122
4624 21711 1340516630
4757 9041 1283789322
2171 4797 1269241142
4783 4904 1269543111
4796 42894 1384721136
4807 25477 1399711417
4853 4806 1269455997
4626 5165 1270559922
3569 18736 1319457141
4933 27032 1363389065
4963 757 1269763207
4915 33685 1367692142
4990 5683 1275387214
5016 8684 1312744172
5045 7935 1280367043
5044 5154 1270532129
4678 6270 1274713034
5108 5121 1270374371
2802 15122 1305481942
4971 46176 1391048929
5142 27914 1352382372
3886 7175 1277836554
5196 7608 1281548011
5197 5464 1272106377
5231 5365 1271521977
5260 5275 1270942781
5282 5357 1275239309
5313 5319 1271126814
5339 12484 1309493757
5363 8592 1282674700
5407 10218 1287644307
5431 7283 1278123241
3849 7870 1279935623
5469 5286 1271728453
5473 19201 1321105319
5499 5314 1271922064
5566 5551 1272008151
5611 10711 1289374433
5609 9689 1285896246
5646 5653 1272362579
5654 5637 1272367698
5526 6821 1276638479
5709 17304 1314030920
5715 7518 1283876940
5731 12596 1296340270
4221 6301 1334448272
5822 16698 1311553637
5827 5825 1273017361
4555 8403 1281955586
5960 5934 1273343293
5924 15589 1307229307
5973 12695 1314737087
5986 20430 1326002588
5706 2063 1315640422
5998 13969 1302653328
5993 5766 1273523675
5736 5548 1273557905
5724 12295 1295410836
6066 10639 1295643997
6100 34075 1368781216
3213 5988 1273935387
6104 8610 1282209105
6159 25468 1343872261
6167 6166 1274243745
6142 34764 1370658923
6249 9853 1286530553
6290 4571 1274749805
1055 17458 1324099626
6324 5977 1274903402
6327 6326 1274895706
6343 6369 1275046618
6366 6388 1275076275
6433 6475 1275424397
6441 6435 1275276665
6455 35545 1383077713
6484 6655 1276027684
6496 24435 1339656165
5795 17768 1316426398
6549 6557 1275702981
6561 41778 1382667457
6594 9611 1349933990
6701 13834 1300982814
3441 7589 1279092180
2416 8393 1281577749
6882 1669 1298595278
6908 29596 1354526578
6858 17111 1313390811
6966 6975 1277312010
7023 4954 1281044576
7028 6853 1284678374
7053 7142 1277763417
7057 8638 1282284557
7092 6994 1280553466
7101 7129 1277711133
7165 8424 1281657115
7205 7072 1277981992
7231 7229 1277982583
7035 29828 1355182202
7263 42196 1391813799
7257 4392 1278448042
7262 7325 1279325446
3428 7203 1278186202
7359 27962 1354257134
7364 23267 1335555180
7238 12105 1334191530
7368 47840 1394130958
7258 7477 1278740972
7461 7467 1278712872
7499 10763 1290275317
7512 7510 1278983998
7520 3027 1278988283
7647 7683 1279340607
7705 20321 1325542673
7727 7726 1279510858
1816 7686 1279549310
7821 7817 1279798517
7834 8789 1286233562
7844 11418 1379225944
7914 21389 1329242699
7911 7929 1280214534
7915 41279 1381746278
7931 7878 1280250584
7967 26746 1348496403
7993 7428 1280372851
7990 16438 1308613249
8019 10043 1287082372
8092 45094 1388943233
2183 30967 1382889203
8168 11186 1291160161
8196 13396 1299290848
8199 38250 1383270854
8224 5837 1284531653
8234 8214 1281272919
8253 8274 1281391164
8294 10223 1287656907
8333 7276 1281482316
8341 39623 1378463872
8368 8361 1281513991
8358 20021 1324216371
6363 15896 1354871948
8536 50282 1399009759
8565 8614 1282218299
8579 8585 1282153012
8601 8599 1282184984
8604 12395 1295738755
8003 18730 1325125684
8628 10995 1290380868
8636 9785 1286243820
8667 15551 1362027199
8694 8712 1282531501
8128 8720 1282555637
8788 8744 1284388293
8721 14548 1304788018
8798 25763 1345257531
8786 26248 1346948436
8736 7790 1285167205
8882 8885 1283191689
8883 18693 1329927280
8913 32804 1368972328
8940 8952 1283405733
8987 8984 1283550461
9002 9008 1283613381
9014 16080 1309361996
9046 14809 1304307805
1673 5958 1283803269
9124 31036 1359567592
9126 9123 1284098125
9220 9223 1284493854
9114 11255 1291320055
7979 18384 1320073297
9246 11651 1292647553
9237 9338 1284853068
9304 37818 1374973809
9154 18823 1337124725
9301 9266 1284805057
9354 9372 1284971697
3655 9369 1284961668
9379 8870 1288900896
9404 14763 1304051639
9431 9721 1285985878
9468 9470 1285273581
9504 19906 1323749434
9542 9855 1286449255
8363 7987 1295309469
6842 16888 1398285900
9569 9625 1285798135
8974 17550 1314997622
9661 27760 1353443128
9668 33643 1367586333
4019 9732 1286016601
9769 12835 1297231609
9792 9798 1286261863
9776 18505 1318818823
9810 9807 1286318006
9818 9835 1286392631
9825 29294 1353562743
9094 10977 1290299203
9823 9869 1286486033
9899 12047 1294296372
9926 9968 1286880671
9932 9680 1299218892
9712 9951 1286835277
9952 9913 1286837398
6588 7611 1288240478
7576 12450 1295926330
3462 33399 1366851816
10050 10052 1287060892
10049 32630 1364593612
9565 18492 1318527268
10086 34473 1371165081
10112 10104 1287295483
9458 12234 1297883599
10118 10124 1287342393
10155 10193 1287582888
10189 10386 1288250687
10219 50099 1398780417
9858 20484 1326254579
6005 38870 1377050272
10286 23440 1336113118
10299 17719 1315692249
10204 13520 1299676445
10317 10343 1288125498
10327 10954 1290200264
10331 19191 1321057352
10341 39744 1385945483
10453 10402 1288489785
10549 10555 1288862837
10570 11964 1307159178
5115 10611 1289071724
10622 36233 1372632086
10679 16989 1313433540
10775 10928 1290113102
10814 27151 1349933840
8162 10861 1289914005
10849 12374 1295926752
10857 10887 1290042916
10934 29341 1373401794
11019 15693 1321661413
11043 17565 1319511704
10111 12998 1298095903
11094 20033 1332199705
10903 26510 1363572462
11172 11177 1291092274
11206 13935 1321767698
11220 13437 1299415373
11216 47573 1396415420
10712 15872 1318985664
11277 34716 1370551495
11291 8707 1311455553
11264 37099 1325567203
11124 20037 1324219906
11498 11522 1292182704
11445 33768 1369823602
7409 11575 1292401998
11588 11601 1292469356
11595 26388 1347383429
11598 11778 1359176925
11629 12965 1297669874
2019 11630 1292571695
11745 15573 1307141962
11761 11730 1293006329
11662 11764 1293017002
11800 8941 1293175052
11262 15014 1306251802
11830 12132 1294675507
11821 11838 1293405702
19943 19905 1323868895
11947 20323 1325548857
11966 35593 1378592609
11974 11970 1294083332
8202 19881 1331962767
12082 18131 1327138883
12057 17489 1314931599
12126 21317 1328990537
11608 6770 1296321286
11134 39552 1386701060
12170 14200 1308310159
4112 62253 1320337229
12187 12409 1298539860
6542 15308 1321313544
12249 12650 1296536727
12336 17987 1316655608
12341 41364 1384404797
12377 12380 1295629038
12366 12389 1295671077
12397 12309 1296104648
12390 12361 1295820325
11046 22490 1333073487
12520 12519 1296080912
12290 33256 1366405671
12631 23648 1340859975
12676 12679 1296651104
12706 9516 1309271804
12647 19142 1344033315
11541 35453 1378224366
12761 12840 1297308044
12763 12759 1296993795
12774 25258 1342899561
12751 16855 1312982272
12824 12860 1297317447
12843 41009 1381203861
12847 14335 1302697829
12877 12875 1297364820
12932 12931 1297554019
8264 39536 1379651516
13054 37434 1378210164
13008 13064 1298068560
13072 13085 1298145871
13074 21067 1328177819
12653 19664 1335569849
13144 13145 1298344938
13150 13154 1298368670
13160 13158 1298394162
13189 13184 1298511854
13199 13121 1298518645
13249 13247 1298693700
13245 19836 1323673023
12563 13307 1298958704
8379 7816 1333370480
13278 13277 1298828784
13292 27235 1350499765
11938 18334 1322176540
13326 46433 1396476364
13358 18960 1320252615
11661 22892 1334371020
13393 16846 1312127639
13402 13394 1299262000
13420 10148 1299307792
13475 16704 1311574253
13481 14771 1304801929
13452 25104 1382194743
6429 15821 1333495533
13431 41262 1381708720
13547 5546 1300980534
13611 13608 1300013166
13663 13413 1300221330
8901 37119 1374742724
13718 19835 1323439466
13738 13737 1300461901
13751 13755 1300517371
13794 39042 1377296478
13799 13824 1300819747
13838 10777 1300856325
13803 42491 1383883088
13881 13890 1301025668
13898 17926 1316470295
13927 13331 1301185978
13948 14013 1301474959
13959 13960 1301336552
10304 13984 1301406386
13000 13978 1301390998
13997 37885 1375109097
14049 13983 1301573427
14148 14702 1307832676
13363 17271 1313890524
14161 14156 1302062541
14169 38998 1377235863
14170 30280 1356842749
14187 14241 1302462794
14226 26208 1388500440
14255 14260 1302517034
14322 14325 1302679523
14371 14476 1303126401
14362 15358 1306375967
14385 14848 1331087359
13384 15597 1307402217
13684 15445 1306701904
14468 14464 1303086310
2026 13874 1303139980
14481 14509 1303223076
14512 22232 1332123260
14527 26223 1396648052
14546 14541 1303311703
14107 16315 1310334286
14593 14711 1303894881
14621 17077 1313036019
14632 14644 1303625799
14664 14663 1303754311
14163 18578 1318842213
14716 14288 1303964473
14794 19784 1323757359
14441 17735 1315807933
14788 15295 1306116745
14705 14816 1304279237
14689 12781 1304943437
14916 15254 1305929961
839 22055 1366326323
14940 2197 1305066165
14958 15040 1305190329
14961 19199 1321078443
14976 33462 1367028724
15031 15794 1308161651
15032 22635 1342851305
15058 16395 1310522983
15056 26931 1349228540
15111 15118 1305461548
15112 15110 1305429950
15120 29733 1358634370
15161 49461 1397186925
15246 38750 1376792307
15265 13736 1305990370
15311 16058 1309288089
15379 15427 1306690010
15331 15417 1306562820
15213 40782 1380756291
15440 15435 1306688049
15443 12135 1306698315
15457 18317 1317863358
15463 15479 1306817087
15488 21962 1331176420
15493 16478 1310749339
13562 15520 1306963581
15017 16280 1310031692
15638 27385 1350671461
15666 15900 1308600127
15688 15555 1307676153
15478 24580 1340792581
15728 17277 1313909121
15632 17927 1316473500
10972 15696 1307925609
15765 1199 1322239983
15785 15798 1308173027
15672 24565 1340159407
15811 33302 1366617265
1043 15813 1308256895
15689 32988 1365652688
15630 19146 1320893019
15830 37354 1385725557
15828 18961 1320357611
15841 15839 1308322192
15869 15863 1308448714
15882 16103 1309474104
15921 16910 1312338881
15931 15928 1308723110
10833 22943 1334605517
15951 1981 1309376631
14744 19206 1321141814
16049 22111 1331847782
16064 16066 1309302931
16087 11040 1315487923
16203 16142 1309947930
15970 30334 1357073274
16117 27365 1351364538
16267 35453 1375469361
16275 16260 1310014641
4315 16600 1311284432
16386 16348 1310505489
9021 35609 1372273060
16389 17228 1313696321
12637 21505 1336590292
16425 17682 1323051611
16504 38328 1375943696
16526 44747 1388230061
16511 16529 1311020195
16530 17082 1313074418
16561 16013 1311076569
14941 29944 1355543986
16554 10776 1332892051
16673 16689 1311498611
16738 16739 1311736328
15280 17217 1313661502
16801 23115 1335094653
16144 16813 1311978371
16823 16399 1311994498
14304 16842 1312128659
16882 21710 1330502510
16948 16505 1312476660
16872 16447 1315298417
16686 16492 1312790934
17016 17054 1312981319
16937 5679 1318452882
14492 16155 1313102683
17079 17087 1313117944
17104 17069 1313132223
17073 24202 1338789940
17085 30906 1359091143
17128 16637 1313282286
17022 38198 1375737766
17325 17345 1314146968
17255 25766 1351377434
17377 34591 1370120074
17417 27574 1351311533
17456 17598 1315236725
17476 21690 1332243036
17497 17495 1314774971
17492 22456 1332921290
12069 15327 1344885989
11173 33542 1368044848
17539 17536 1314945303
17253 26620 1348017366
15539 21253 1328798835
17695 33221 1366310511
17705 17701 1315632183
6263 26361 1347332040
16675 17791 1316019471
15334 24586 1354598563
11555 9031 1316083381
17880 17878 1316281190
14499 17923 1316465046
17734 25080 1345828070
17708 14390 1357686454
17956 17294 1316554193
10271 48647 1395676681
17980 18107 1317888394
17994 18006 1316741741
18000 30149 1356228372
18025 18012 1316814784
18072 13947 1317063161
18168 18163 1317347129
18181 19254 1321309623
18184 21743 1317499573
18204 18353 1318002228
18241 18237 1317608429
18291 22224 1332088863
18279 48241 1394820739
18313 19265 1321319865
18282 33730 1367833298
18382 18381 1318120484
18425 18441 1318320660
11528 18450 1318456331
18474 32387 1382054082
18478 12750 1321002720
18534 18579 1318853615
14895 19282 1321480024
18630 18626 1319008914
18659 32817 1366655956
18702 27976 1382924962
18749 27712 1351883942
4566 21237 1328756415
18810 33467 1367480969
18818 18861 1319844173
18836 19145 1320889627
18839 20136 1324640053
18889 20803 1335895171
18957 48458 1395252283
18996 18995 1320353573
19047 19209 1321147158
19115 19150 1320897292
19132 19152 1320898080
18910 38172 1379988838
19203 16131 1321112857
19216 48161 1394717045
11733 24393 1339538103
18349 25035 1341997142
19318 21636 1329965423
16054 19500 1322195666
19378 21528 1330216309
6628 30322 1357097429
19639 24586 1348242021
8080 12055 1361831160
19693 19697 1322885918
19313 37911 1375240896
19582 24236 1338930485
19774 22712 1333783609
19821 50244 1398934148
19959 33871 1368198435
19945 20137 1324648582
15235 30164 1356327320
20063 20086 1324410198
20067 15695 1355879967
20070 19076 1324342669
20073 17528 1324346903
20114 20111 1324541860
19731 21069 1328233934
20146 19730 1324716347
16380 20258 1325305102
12766 17623 1325010168
20208 20212 1325046272
20254 20247 1325191660
20260 20255 1325206964
20272 47778 1393996492
20346 30996 1359612028
20349 34674 1370601015
16139 20404 1325900170
20417 18942 1329234430
20460 45524 1389737820
20506 20867 1327471986
10847 32577 1364428429
18589 29480 1354234765
20626 20629 1326752038
20696 20778 1327164311
12651 21100 1338904742
20732 20806 1327612519
20521 20631 1327023132
20768 22247 1340686910
20852 20812 1327423334
19113 37373 1386696014
20870 20869 1327478015
20886 22343 1332490806
16716 20922 1327681493
21002 13980 1327990668
21019 21007 1328020997
21025 21020 1328033168
20994 33639 1367559990
14006 22088 1342068424
21082 21070 1328228181
21028 7183 1341914586
21171 32548 1364494267
21137 38250 1383265727
21183 21182 1328577961
20639 26834 1348810321
21202 21233 1328740050
21255 31807 1362023447
21256 44980 1390426952
21284 42676 1384373296
18044 27497 1351049809
21369 4769 1354006137
8369 47640 1395422569
21437 36812 1373499614
21435 9164 1329500007
20740 21445 1329432888
21480 21504 1329588414
21498 21557 1329719369
21536 20798 1329676422
21538 21545 1329701319
21576 21680 1330126276
21601 24461 1340313500
21622 21621 1329946967
21619 21759 1330408619
15124 32818 1365103846
21698 33333 1366689788
21734 22500 1333068171
21785 24024 1338212028
21781 32436 1364393216
21816 36441 1399337314
21825 22022 1331331620
21885 37415 1374388504
21995 21969 1331287256
11444 24053 1338291625
21999 10747 1331833993
20099 22024 1331338202
22036 34746 1370616325
5697 27201 1350121413
22083 22080 1331527221
21810 25730 1345210344
21925 22196 1331957326
22094 22295 1332361704
22166 43888 1386586668
22186 22156 1331932491
22191 22199 1331961245
22204 27590 1351369301
22215 26192 1368683995
21800 37238 1384179211
22237 27659 1351553987
22250 22349 1332200123
21265 22252 1332208618
22256 21429 1332516994
22268 24139 1338542186
22337 32427 1363992502
15187 22376 1332761289
22450 14218 1332904852
20325 22451 1332910397
22492 22721 1333808401
17599 20931 1333059803
22501 22510 1333088469
22523 22522 1333139096
22326 24501 1339949344
22669 10724 1334835506
22447 22385 1333751826
21884 31744 1361872724
13946 22700 1333751216
22606 43129 1385395858
22804 18850 1358917985
11084 31670 1366135389
22830 22829 1334189700
22832 42971 1384891884
22880 43941 1396925622
22906 22865 1334440006
22907 22916 1334474008
22925 48759 1395847991
19510 22969 1334677754
22977 22313 1334696770
22975 38308 1375999347
22984 23150 1335218550
23021 23018 1334797732
23075 23083 1334968750
21697 49731 1398130758
23022 26361 1347677297
23200 23181 1335374427
23229 23238 1335486906
23237 23740 1337152034
36572 6728 1367451720
23222 12586 1336434494
23398 23397 1336005824
23434 39948 1379105725
23520 23523 1336448470
23519 32051 1362820767
23534 25904 1345778878
23540 38433 1376117603
23584 23582 1336632896
22338 24446 1339689857
21201 27279 1350357848
23578 24333 1339488135
23804 18264 1337414531
23812 22572 1337446909
23818 40549 1380331016
18308 23810 1337481492
23856 23855 1337637934
23870 16666 1337697775
23762 23948 1337962799
23935 12218 1341638159
14166 34494 1369853732
23982 24016 1338178527
23991 23986 1338099630
23993 24682 1340609557
23976 24035 1338245525
24034 44099 1386904792
24048 24042 1338274389
24060 38700 1376854218
24074 23164 1338349466
24043 24112 1338442013
24192 30155 1376545901
23373 24408 1339601663
24383 24379 1339513173
24401 15004 1339558109
24444 24430 1339688840
24460 15114 1339720965
24502 24715 1340811339
24547 24853 1341311301
24554 28043 1368800293
24442 26082 1346366670
24640 24636 1340404501
24641 12081 1340738024
24645 24670 1340570129
24661 24711 1340776966
24669 26585 1347924844
24700 24695 1340680288
24781 12849 1371585030
24796 26517 1348288533
24798 44152 1390272960
24768 36005 1372395381
24844 24843 1341277089
24864 27552 1351242807
18698 26882 1354059714
24978 24980 1341773179
24979 16941 1343413605
25011 24901 1341887179
25033 23013 1343278194
25054 42400 1383846469
25101 25244 1342833382
24952 25127 1342386452
25146 25184 1342577665
25156 25166 1342505850
25160 29241 1353397301
8775 29357 1361666752
25247 24854 1348485735
25312 25097 1343175801
25243 25248 1343379361
25390 26052 1347397109
25476 25460 1343894922
25484 25552 1344272969
25105 25497 1344053487
25516 46119 1395187147
25530 25560 1344299224
25527 7066 1391327898
25577 32135 1366290684
25609 11638 1361283503
11841 26226 1346939902
25643 4789 1382434187
25740 36836 1373428737
25713 11638 1361283071
25791 41303 1384227192
25792 29973 1364473454
25799 26202 1346795156
25807 27220 1350711498
25852 25935 1345871754
16464 36262 1383764390
9271 11527 1346427109
25985 24787 1346077655
26009 26030 1346250597
26041 26354 1347297692
26137 23016 1346549670
26152 25665 1346617704
26200 26194 1346793942
26286 29724 1354815956
26300 26291 1347104057
26352 22315 1370525070
890 34518 1375283706
26059 17509 1350009562
26397 26400 1347401343
27328 40637 1380474686
26449 26449 1357465684
25051 27188 1350101864
26520 26375 1347683629
26375 26722 1348381298
26656 26594 1348130106
25414 27381 1369320980
26220 26630 1348151784
26691 26691 1349293595
26700 48449 1395237503
26653 26653 1348274698
26766 26766 1380355453
26798 29628 1354574952
26823 26825 1348775116
26825 26844 1348929956
26845 26845 1349733760
26862 26862 1348979013
26860 26901 1349032175
21136 36177 1381800884
25999 25999 1349415568
27018 27018 1351421879
26078 26078 1356473103
7712 27016 1349486536
27034 27034 1379645759
27047 27032 1349561494
27049 27042 1349566320
27111 36085 1397799435
27189 18180 1350582903
26474 27205 1350132095
27205 33318 1367008144
27233 27229 1350259078
27229 4497 1350546599
24119 27957 1352484484
27261 25613 1350324029
27261 27345 1350577313
27287 26580 1350401508
27293 27293 1350419009
26336 35018 1371686915
26336 35139 1371760095
27380 27375 1350662972
15023 27382 1350715803
15023 31413 1360971038
39184 39184 1396610940
27417 27412 1350824188
27402 27486 1351026768
27441 27457 1350942218
23874 30904 1359090357
27456 35051 1371511812
27456 42040 1395860553
23689 27222 1351055881
27499 27513 1351103113
27576 22468 1351313072
27588 27586 1351366553
27637 34714 1371044857
27681 27677 1351600313
27704 30530 1358223894
21155 32570 1364413608
27724 27728 1351811917
27724 27734 1351818292
27761 27118 1351878643
27770 30971 1359400769
42371 48838 1395987249
27781 27789 1352516620
27828 50237 1398916914
27773 19850 1352131769
27869 27869 1352247297
22073 30628 1358153078
27896 29493 1354757725
27896 29706 1354804053
27941 29762 1355005157
27967 27967 1353740632
27986 27986 1359116613
28002 25062 1354076647
27991 27991 1352757365
27960 28106 1352952678
28069 28068 1352841249
27832 34296 1369335454
28147 28159 1353116645
28151 28200 1353266787
827 30555 1357937397
73967 33904 1380790829
29241 38219 1382778561
27895 15566 1360746715
29231 29231 1380129282
29256 33450 1369961925
25590 29341 1353691590
23252 42567 1384102508
29309 29315 1353620686
29330 24132 1367389154
29330 35500 1376080029
25202 30144 1356220740
29353 29340 1353732234
29349 29349 1353852174
29404 29432 1354146719
29413 29549 1354326626
22217 43335 1386299529
29482 24151 1354215785
29543 28141 1354329673
29600 29587 1354519109
29591 29680 1354689135
29617 29624 1354565425
29611 32639 1364621460
29634 30203 1357955224
29667 29547 1354670486
29671 27305 1354678997
29663 20586 1367809419
29625 43469 1385783567
29777 29770 1354988854
29797 29784 1355083656
29829 33028 1365735817
29829 37813 1378498252
29691 29691 1355448297
4878 41654 1385089361
29893 29891 1355375486
29902 30176 1358551236
29902 30923 1359158239
29911 31010 1359504270
29936 32612 1364527180
29968 30926 1359165847
24201 24201 1393049353
29980 36373 1372817279
30026 20527 1358283852
30035 31105 1362639097
30041 30040 1355820806
30038 30066 1355890563
30058 30304 1357538350
30087 30077 1355948344
30090 30060 1355953257
30060 30119 1356047758
30096 30092 1355964593
37385 37385 1395357914
30088 30088 1356038625
27736 49656 1397660070
24179 30954 1364747095
30184 24963 1356380406
30194 27002 1356408037
30196 26069 1356442349
30172 48958 1396494238
20311 41581 1382265449
30176 24152 1358790344
30209 38379 1377214001
27069 27069 1356671627
30259 23014 1356909269
30259 33295 1367022113
30267 33792 1367973271
30342 21663 1357104444
30356 30379 1357253638
30379 30418 1357445516
30277 30277 1357300608
30420 30418 1357445388
28011 30884 1365126192
30480 30598 1358310745
30554 30545 1357878589
28209 32600 1384642150
30376 30595 1358038987
25347 25347 1358047421
30601 30601 1358242738
30611 30610 1358096984
30611 30621 1358121636
30618 30808 1359098484
30662 30638 1358252742
30679 32635 1364605199
30679 34943 1371169993
26756 30916 1359155830
30706 47840 1394344661
27932 36085 1372470724
30755 30747 1358534568
27446 27446 1358553269
30781 30781 1359171714
21271 36752 1387579136
30846 30846 1358974483
29444 30263 1358963271
29444 37119 1374503826
30868 30855 1358980554
30879 30879 1359025460
30924 25337 1359162118
25337 31352 1360628226
26705 26705 1365328947
30933 30943 1359224795
54780 47969 1394404511
30997 31020 1359522145
31071 32051 1365776226
21482 33954 1368506668
17506 17506 1394636713
31164 31162 1360023819
31052 31052 1360208850
31085 31085 1360292829
31301 31300 1360443697
30827 43198 1389286605
31242 31242 1360540755
30641 35183 1380425793
31348 37911 1375240466
31275 31607 1361407994
50650 31512 1361648776
31421 35180 1371834020
31424 40542 1380240367
31461 31461 1361025073
31178 31178 1361073080
31475 31530 1361208991
31475 31583 1361323977
31524 13095 1369556223
31530 32008 1362670334
31549 26925 1361568494
24132 43445 1388312241
29738 31533 1367293978
31285 31285 1361324651
31622 31963 1362527636
31664 31664 1361928509
31684 31684 1361834084
31715 24620 1361769084
31721 31718 1361772490
31532 33213 1366296105
31532 43771 1386351142
12055 25514 1368488303
31750 19096 1361888930
19096 45682 1390062317
17630 29326 1361892110
2306 31752 1361914464
31802 31802 1362181663
31803 27153 1362459362
26635 31894 1362291629
31818 41604 1382312847
31789 31789 1362139418
31864 31939 1362546672
31923 31923 1365938981
31931 16714 1362448267
27153 34106 1368878244
31947 16301 1374210902
31952 31952 1362555440
31978 31006 1362727272
21919 32695 1364864741
31960 32421 1363984091
31960 32948 1365538252
32010 32007 1362663637
32026 32026 1362716344
26295 26295 1362725638
37371 32274 1364007641
37371 33700 1367712036
32083 27805 1363043071
32143 20726 1363132214
32142 32163 1363192497
32156 32156 1363165748
32057 47027 1396337723
32197 32216 1363333760
32223 32223 1363377812
32259 32259 1364879106
32271 33047 1365815937
32271 33328 1366673819
32274 47969 1394330305
26510 24930 1363571112
31051 31051 1363724404
14835 14835 1388738391
32372 21685 1366413133
30525 49954 1398366697
32409 32638 1364623306
32409 32612 1364781895
32424 33998 1368978552
32424 32962 1370488537
32463 32462 1364097919
32474 32472 1364127898
32483 32749 1364913146
32526 41513 1382134020
16852 37703 1387219668
32436 32644 1364643322
32602 19928 1364504160
36186 32599 1364663432
32695 32706 1364817227
32681 39187 1377592271
32720 15019 1364856267
32809 32809 1371181258
32818 33015 1365791100
32817 38509 1387874189
17508 32847 1365201158
32871 37786 1374890679
32882 33905 1368384402
32907 32869 1365411021
32910 32905 1365424158
32938 34674 1370644083
13767 13767 1398973742
32958 32958 1365605632
24859 32970 1365604703
24859 30999 1367254800
32985 33373 1366779805
32999 33367 1366751931
32994 32994 1365692015
33013 33004 1365700925
33028 32710 1365737066
33041 31821 1365763925
33039 43263 1390700062
33039 46775 1392192861
33047 33450 1367040243
33091 33083 1365943632
26698 26698 1371330788
29961 36145 1381648232
33058 33122 1366054760
32135 33497 1367125078
35324 33290 1388003392
22235 22235 1366341004
21685 25563 1385013439
33254 33269 1366428490
33291 33289 1366556758
33386 32480 1366810036
32480 16301 1374214062
33090 45570 1389976737
33128 50538 1399558560
33441 23455 1366953629
33441 35037 1371845771
33434 33434 1367259480
33481 33479 1367089203
30999 44901 1388971387
25528 36931 1374738881
33550 33550 1367405140
31451 31451 1396512567
33616 33614 1367499292
33631 33604 1367540982
17968 33903 1368309717
17968 45235 1389206008
33648 38799 1376872707
33666 33711 1367784636
33698 33829 1369291461
33749 33745 1367882732
33751 33765 1367904828
33736 33736 1368002275
33858 33912 1368325539
33489 42440 1386738829
33927 34463 1371147622
33702 33702 1368413770
42411 41219 1383784229
33829 33850 1368492426
33974 33960 1368568684
33998 33996 1368595735
34008 34007 1368624988
33835 34534 1369924909
33852 34314 1369474185
23197 23197 1368842918
34117 34117 1369229410
4422 34157 1369082576
34213 34213 1369152379
4836 34268 1369283268
34221 34221 1369308108
33757 34717 1370656395
10423 34320 1369370804
10423 34704 1371253552
34276 34276 1369695358
24482 34177 1369434446
30302 30302 1369622100
33520 33520 1369547326
34154 34430 1369701014
34451 34414 1369735439
34414 34510 1369870507
34511 34743 1370605500
34598 34568 1370161559
34640 34580 1370338178
34640 37661 1377130706
34687 34573 1370462133
34256 34680 1370484440
34256 38585 1386275928
34692 34721 1370560545
34707 34345 1370539648
34671 32830 1372987377
34735 34744 1370605526
20418 34755 1370636579
15899 15899 1370620767
34723 34821 1370842409
34777 34875 1370993252
34807 34821 1370967410
34858 34976 1371256403
34870 34767 1370985078
34859 34922 1371586997
33946 33946 1371070405
34726 38032 1375357791
34974 36452 1372895319
34978 23795 1371260085
35014 36862 1373509053
10199 10199 1371525290
34944 34944 1371833280
35074 35065 1371580493
19456 35079 1371590825
35115 35245 1372032782
35228 35228 1371962942
35245 35186 1372032367
35098 35405 1372173524
35593 32866 1398297247
35609 44158 1389486443
35810 26342 1379715704
11152 35875 1372352593
36099 36063 1372480249
36073 36073 1372623529
35066 35066 1372688056
35946 35946 1393631455
35468 36545 1373004861
36506 36865 1373474977
36554 36697 1373399926
36554 36148 1384095208
36575 40381 1392235320
35529 49968 1398904562
36588 36588 1392599551
30909 36605 1373112603
36721 36721 1374220454
36887 36972 1373629640
36895 39117 1397360014
34461 34461 1391035497
37033 37028 1373715516
15342 34094 1373741478
36611 48585 1395528966
37059 45070 1390509646
37059 43560 1393038026
29422 29422 1391469817
37087 37104 1373863539
36625 47856 1394158371
13042 13042 1373915756
37134 37134 1373940173
2126 47687 1393846898
36450 37618 1374623231
37238 41512 1382133514
37308 37320 1374202651
25700 38926 1378310346
37353 36877 1387314569
37395 4504 1374288095
4504 43442 1385788819
37144 37144 1379390044
37410 37400 1374327329
32036 35222 1374468262
36931 38308 1375916318
37394 38393 1376067036
35800 37024 1374550446
36110 39492 1378993835
30462 30462 1397962801
25563 37778 1374890017
37822 48280 1394872751
34063 34063 1384046119
37849 37891 1375116248
37813 40105 1379445934
37934 41143 1381442099
37843 47245 1393000014
37216 38743 1376779335
38104 41635 1382384757
38129 38129 1375737421
38200 41274 1381779516
38297 38283 1375894232
38337 38330 1375956400
38375 37803 1376002211
35433 38402 1376061613
37405 45482 1389765673
38435 38445 1376123143
37762 37762 1376442201
31327 31327 1393021687
38610 39289 1377767437
38798 38798 1377192139
36155 46845 1392197207
38971 38521 1377201249
39005 41486 1382110353
39005 42397 1383757521
38654 44293 1393283186
38322 38322 1396562492
39086 39086 1384814406
39117 33549 1377771834
33544 39177 1377575979
39227 39284 1377755868
39307 39304 1377799450
39229 41269 1381722442
36563 37682 1378315602
35872 39589 1378407987
39552 40080 1379399932
39602 36221 1397369582
39677 26349 1378949450
39717 39744 1378752278
39758 44326 1387335719
38585 43402 1387854442
26349 40078 1379939522
39883 44868 1388685076
40090 46591 1392093326
40116 40074 1379445624
40087 33878 1393875768
40133 40138 1379476188
35733 49598 1397523620
40042 40042 1382709903
40330 40078 1379878527
39387 41973 1383158155
40051 40051 1379907148
40437 40421 1380061430
31059 43318 1385511994
40472 42547 1384255485
40476 40476 1380257931
40502 45431 1389565059
40592 39756 1380359188
40595 40589 1380366140
11183 11183 1383117943
40671 40654 1380537067
40659 42091 1385755644
35445 35445 1380571092
39310 39310 1397775847
38361 40901 1380996430
40748 40752 1380686058
40588 40588 1380700851
27400 45063 1388966921
39915 26401 1381132564
558 558 1382845456
40995 40933 1381173161
40997 41782 1383875522
40038 46104 1393886987
41123 44376 1390411586
41140 41064 1381441283
41166 43793 1386372648
41306 41306 1381853797
41371 38698 1381964732
41283 41359 1381923737
41301 43571 1386055651
39485 42545 1383981626
41401 41410 1381974276
41438 41455 1382058309
41514 45658 1389988562
41568 41568 1382375582
41596 27358 1382301074
34776 34776 1382632438
41759 34419 1383165636
41759 31757 1383972260
40911 16186 1394777401
41818 41771 1382671252
41837 41837 1391695584
40439 46997 1392737617
41900 30633 1383780876
12604 42317 1383611870
41953 41953 1391402707
41997 42232 1383438560
42038 42642 1384205040
42059 42355 1392550879
40145 46127 1391651083
41650 50507 1399490656
41654 3487 1391239639
31308 42210 1383367693
31308 17440 1398509719
42346 42340 1383644119
42375 42373 1383699681
42387 42409 1383776663
42483 41802 1383865013
41782 42931 1385258461
42488 16146 1383871215
42513 19370 1383906560
42619 44203 1387169470
42619 32959 1387233324
42693 41704 1384305168
42572 42572 1384413835
21124 47533 1393498641
42389 42389 1384483172
40458 43439 1387636329
42944 42945 1384841698
42971 43517 1386091974
42407 42407 1384897207
43014 14555 1384959323
43060 43190 1385321964
37212 29876 1385130632
42021 42021 1395823884
43192 43192 1385333542
43222 12122 1385373412
43263 39004 1399514939
43270 47893 1394176695
43309 49089 1396584425
43364 46142 1390981993
43383 18785 1385805193
43478 31866 1385807117
14563 17386 1386394695
43569 43552 1386054644
43569 43716 1386284971
43735 43738 1386306389
43735 43954 1387195573
43793 43946 1386716871
43796 37103 1386380051
43796 44565 1393378204
43888 8948 1386585995
43938 13748 1386853420
24642 47752 1393962213
43954 44086 1386892208
44115 44906 1388814615
44255 48140 1394657871
44363 44349 1387416721
35706 41255 1389865003
44547 44464 1387725180
17651 17651 1387801129
44596 44592 1387846852
44620 44602 1387892299
39853 44667 1388028642
44701 44701 1388318189
44729 44678 1388186992
44763 44771 1388298517
37855 30682 1396073697
37855 48867 1396128359
44862 39522 1388467215
44862 45657 1390003071
37875 41662 1388482859
44928 44928 1388791533
44966 44651 1388712763
44967 45064 1388896382
44967 42367 1391822684
45000 50417 1399388272
44201 11475 1393856060
37644 49410 1397097967
45214 45356 1389400279
45413 45494 1389724668
41666 41666 1391564386
45469 45469 1390629996
2937 48029 1394456764
45262 46975 1390141451
45746 38249 1390888109
45745 38947 1390280599
42542 44979 1390269099
26038 45733 1390370295
45864 46046 1390848945
45864 46164 1391028381
45868 46660 1391784680
44362 50073 1398627999
45932 45982 1390685368
45982 45115 1390724393
46078 46078 1390899380
46094 46094 1391049750
46167 27790 1391035414
46176 38600 1396733849
46291 46292 1391287888
40109 45915 1391409607
46424 46929 1392355836
46461 46326 1391463111
46472 46472 1399496579
46566 14440 1391638083
14440 49765 1398411374
45393 46510 1391656961
46575 49434 1397286231
46575 49066 1397450252
32261 48503 1395335173
41305 41305 1391982897
46773 44534 1396967386
46773 49628 1398700312
46690 47386 1393870166
46690 47573 1396439973
46889 41235 1392271963
46903 16507 1392307773
46918 46900 1392350064
46104 48183 1394755161
46952 46952 1392800961
47144 47147 1392806570
22079 46599 1392805303
47260 47593 1393713038
47269 47279 1393062429
47256 35648 1393045621
35648 47294 1393114626
47328 47347 1393213062
46039 46039 1393210314
46931 46931 1393220603
47356 47356 1393252587
47365 47224 1393239480
47373 47368 1393260263
41736 47586 1393558394
39004 28145 1396563106
47482 50262 1399666806
47469 47369 1396178877
47544 46859 1393605093
47586 49265 1396980206
41901 41901 1393588603
47510 47510 1397627723
47628 43423 1393662319
43423 49642 1397662475
47709 36103 1396403215
39815 47499 1394727865
47763 47915 1394228075
37708 37708 1398186659
37433 48255 1394840924
47999 47094 1394382702
47964 50157 1398748179
47430 39773 1394457550
47751 47751 1394469117
40014 47971 1394634732
47971 48127 1394639125
48127 44534 1396797665
48273 48296 1394916782
36886 36886 1395050699
48366 48391 1395100796
30366 30366 1395362898
43172 49031 1396916037
46785 38114 1399392268
48505 48504 1395342452
48136 48136 1395417545
36677 36677 1395513434
48584 41416 1397193007
48584 50537 1399611380
41522 41522 1395605706
34464 49013 1396408622
48752 48752 1395921400
37096 37096 1395852355
48772 48760 1395887675
48757 50718 1399925717
48814 47772 1395951054
48851 48903 1396152889
40023 40023 1396126016
48554 50656 1399754250
43672 48944 1396326608
49045 50651 1399747156
49119 49119 1399275856
44137 50447 1399406007
49268 49268 1396929788
48954 49266 1396901832
49406 49409 1397098105
49404 49672 1397095396
49446 49460 1397186091
49446 49483 1397238291
31944 31944 1397181512
49292 49292 1397188883
36985 49044 1397344837
49628 50039 1398545780
45600 49927 1398314037
46677 44937 1397793944
35660 30582 1397979372
34774 34774 1397968427
49793 28199 1398029012
49936 49928 1398326444
49957 48265 1398367614
48790 49990 1398400573
7606 7606 1399925367
50066 49203 1398610585
37777 50086 1398653655
50128 50133 1398729480
50164 50163 1398758104
50355 50353 1399221507
50311 50311 1399374074
50465 40734 1399668762
50551 50511 1399567834
41322 49105 1399573463
38068 50606 1399675644
50667 31814 1399780306
50685 29337 1399848283
