9114 11255 1291320055
7979 18384 1320073297
9246 11651 1292647553
9237 9338 1284853068
9304 37818 1374973809
9154 18823 1337124725
9301 9266 1284805057
9354 9372 1284971697
3655 9369 1284961668
9379 8870 1288900896
9404 14763 1304051639
9431 9721 1285985878
9468 9470 1285273581
9504 19906 1323749434
9542 9855 1286449255
8363 7987 1295309469
6842 16888 1398285900
9569 9625 1285798135
8974 17550 1314997622
9661 27760 1353443128
9668 33643 1367586333
4019 9732 1286016601
9769 12835 1297231609
9792 9798 1286261863
9776 18505 1318818823
9810 9807 1286318006
9818 9835 1286392631
9825 29294 1353562743
9094 10977 1290299203
9823 9869 1286486033
9899 12047 1294296372
9926 9968 1286880671
9932 9680 1299218892
9712 9951 1286835277
9952 9913 1286837398
6588 7611 1288240478
7576 12450 1295926330
3462 33399 1366851816
10050 10052 1287060892
10049 32630 1364593612
9565 18492 1318527268
10086 34473 1371165081
10112 10104 1287295483
9458 12234 1297883599
10118 10124 1287342393
10155 10193 1287582888
10189 10386 1288250687
10219 50099 1398780417
9858 20484 1326254579
6005 38870 1377050272
10286 23440 1336113118
10299 17719 1315692249
10204 13520 1299676445
10317 10343 1288125498
10327 10954 1290200264
10331 19191 1321057352
10453 10402 1288489785
10549 10555 1288862837
10570 11964 1307159178
5115 10611 1289071724
10622 36233 1372632086
10679 16989 1313433540
10775 10928 1290113102
10814 27151 1349933840
8162 10861 1289914005
10849 12374 1295926752
10857 10887 1290042916
11019 15693 1321661413
11043 17565 1319511704
10111 12998 1298095903
11094 20033 1332199705
11172 11177 1291092274
11206 13935 1321767698
11220 13437 1299415373
10712 15872 1318985664
11277 34716 1370551495
11291 8707 1311455553
11264 37099 1325567203
11124 20037 1324219906
11498 11522 1292182704
11445 33768 1369823602
7409 11575 1292401998
11588 11601 1292469356
11595 26388 1347383429
11598 11778 1359176925
11629 12965 1297669874
2019 11630 1292571695
11745 15573 1307141962
11761 11730 1293006329
11662 11764 1293017002
11800 8941 1293175052
11262 15014 1306251802
11830 12132 1294675507
11821 11838 1293405702
19943 19905 1323868895
11947 20323 1325548857
11974 11970 1294083332
8202 19881 1331962767
12082 18131 1327138883
12057 17489 1314931599
12126 21317 1328990537
11608 6770 1296321286
12170 14200 1308310159
4112 62253 1320337229
12187 12409 1298539860
6542 15308 1321313544
12249 12650 1296536727
12336 17987 1316655608
12341 41364 1384404797
12377 12380 1295629038
12366 12389 1295671077
12397 12309 1296104648
12390 12361 1295820325
11046 22490 1333073487
12520 12519 1296080912
12290 33256 1366405671
12631 23648 1340859975
12676 12679 1296651104
12706 9516 1309271804
12647 19142 1344033315
12761 12840 1297308044
12763 12759 1296993795
12774 25258 1342899561
12751 16855 1312982272
12824 12860 1297317447
12843 41009 1381203861
12847 14335 1302697829
12877 12875 1297364820
12932 12931 1297554019
8264 39536 1379651516
13054 37434 1378210164
13008 13064 1298068560
13072 13085 1298145871
13074 21067 1328177819
12653 19664 1335569849
13144 13145 1298344938
13150 13154 1298368670
13160 13158 1298394162
13189 13184 1298511854
13199 13121 1298518645
13249 13247 1298693700
13245 19836 1323673023
12563 13307 1298958704
8379 7816 1333370480
13278 13277 1298828784
13292 27235 1350499765
11938 18334 1322176540
13326 46433 1396476364
13358 18960 1320252615
11661 22892 1334371020
13393 16846 1312127639
13402 13394 1299262000
13420 10148 1299307792
13475 16704 1311574253
13481 14771 1304801929
13452 25104 1382194743
6429 15821 1333495533
13431 41262 1381708720
13547 5546 1300980534
13611 13608 1300013166
13663 13413 1300221330
13718 19835 1323439466
13738 13737 1300461901
13751 13755 1300517371
13794 39042 1377296478
13799 13824 1300819747
13838 10777 1300856325
13803 42491 1383883088
13881 13890 1301025668
13898 17926 1316470295
13927 13331 1301185978
13948 14013 1301474959
13959 13960 1301336552
10304 13984 1301406386
13000 13978 1301390998
13997 37885 1375109097
14049 13983 1301573427
14148 14702 1307832676
13363 17271 1313890524
14161 14156 1302062541
14169 38998 1377235863
14170 30280 1356842749
14187 14241 1302462794
14226 26208 1388500440
14255 14260 1302517034
14322 14325 1302679523
14371 14476 1303126401
14362 15358 1306375967
14385 14848 1331087359
13384 15597 1307402217
13684 15445 1306701904
14468 14464 1303086310
2026 13874 1303139980
14481 14509 1303223076
14512 22232 1332123260
14527 26223 1396648052
14546 14541 1303311703
14107 16315 1310334286
14593 14711 1303894881
14621 17077 1313036019
14632 14644 1303625799
14664 14663 1303754311
14163 18578 1318842213
14716 14288 1303964473
14794 19784 1323757359
14441 17735 1315807933
14788 15295 1306116745
14705 14816 1304279237
14689 12781 1304943437
14916 15254 1305929961
839 22055 1366326323
14940 2197 1305066165
14958 15040 1305190329
14961 19199 1321078443
14976 33462 1367028724
15031 15794 1308161651
15032 22635 1342851305
15058 16395 1310522983
15056 26931 1349228540
15111 15118 1305461548
15112 15110 1305429950
15120 29733 1358634370
15161 49461 1397186925
15246 38750 1376792307
15265 13736 1305990370
15311 16058 1309288089
15379 15427 1306690010
15331 15417 1306562820
15213 40782 1380756291
15440 15435 1306688049
15443 12135 1306698315
15457 18317 1317863358
15463 15479 1306817087
15488 21962 1331176420
15493 16478 1310749339
13562 15520 1306963581
15017 16280 1310031692
15638 27385 1350671461
15666 15900 1308600127
15688 15555 1307676153
15478 24580 1340792581
15728 17277 1313909121
15632 17927 1316473500
10972 15696 1307925609
15765 1199 1322239983
15785 15798 1308173027
15672 24565 1340159407
15811 33302 1366617265
1043 15813 1308256895
15689 32988 1365652688
15630 19146 1320893019
15830 37354 1385725557
15828 18961 1320357611
15841 15839 1308322192
15869 15863 1308448714
15882 16103 1309474104
15921 16910 1312338881
15931 15928 1308723110
10833 22943 1334605517
15951 1981 1309376631
14744 19206 1321141814
16049 22111 1331847782
16064 16066 1309302931
16087 11040 1315487923
16203 16142 1309947930
15970 30334 1357073274
16117 27365 1351364538
16275 16260 1310014641
4315 16600 1311284432
16386 16348 1310505489
16389 17228 1313696321
12637 21505 1336590292
16425 17682 1323051611
16504 38328 1375943696
16526 44747 1388230061
16511 16529 1311020195
16530 17082 1313074418
16561 16013 1311076569
14941 29944 1355543986
16554 10776 1332892051
16673 16689 1311498611
16738 16739 1311736328
15280 17217 1313661502
16801 23115 1335094653
16144 16813 1311978371
16823 16399 1311994498
14304 16842 1312128659
16882 21710 1330502510
16948 16505 1312476660
16872 16447 1315298417
16686 16492 1312790934
17016 17054 1312981319
16937 5679 1318452882
14492 16155 1313102683
17079 17087 1313117944
17104 17069 1313132223
17073 24202 1338789940
17085 30906 1359091143
17128 16637 1313282286
17022 38198 1375737766
17325 17345 1314146968
17255 25766 1351377434
17377 34591 1370120074
17417 27574 1351311533
17456 17598 1315236725
17476 21690 1332243036
17497 17495 1314774971
17492 22456 1332921290
12069 15327 1344885989
11173 33542 1368044848
17539 17536 1314945303
17253 26620 1348017366
15539 21253 1328798835
17695 33221 1366310511
17705 17701 1315632183
16675 17791 1316019471
11555 9031 1316083381
17880 17878 1316281190
14499 17923 1316465046
17734 25080 1345828070
17708 14390 1357686454
17956 17294 1316554193
10271 48647 1395676681
17980 18107 1317888394
17994 18006 1316741741
18000 30149 1356228372
18025 18012 1316814784
18072 13947 1317063161
18168 18163 1317347129
18181 19254 1321309623
18184 21743 1317499573
18204 18353 1318002228
18241 18237 1317608429
18291 22224 1332088863
18279 48241 1394820739
18313 19265 1321319865
18282 33730 1367833298
18382 18381 1318120484
18425 18441 1318320660
11528 18450 1318456331
18474 32387 1382054082
18478 12750 1321002720
18534 18579 1318853615
14895 19282 1321480024
18630 18626 1319008914
18702 27976 1382924962
18749 27712 1351883942
4566 21237 1328756415
18810 33467 1367480969
18818 18861 1319844173
18836 19145 1320889627
18839 20136 1324640053
18889 20803 1335895171
18957 48458 1395252283
18996 18995 1320353573
19047 19209 1321147158
19115 19150 1320897292
19132 19152 1320898080
18910 38172 1379988838
19203 16131 1321112857
19216 48161 1394717045
11733 24393 1339538103
18349 25035 1341997142
19318 21636 1329965423
16054 19500 1322195666
19378 21528 1330216309
6628 30322 1357097429
19693 19697 1322885918
19582 24236 1338930485
19774 22712 1333783609
19821 50244 1398934148
19959 33871 1368198435
19945 20137 1324648582
15235 30164 1356327320
20063 20086 1324410198
20067 15695 1355879967
20070 19076 1324342669
20073 17528 1324346903
20114 20111 1324541860
19731 21069 1328233934
20146 19730 1324716347
16380 20258 1325305102
12766 17623 1325010168
20208 20212 1325046272
20254 20247 1325191660
20260 20255 1325206964
20272 47778 1393996492
20346 30996 1359612028
16139 20404 1325900170
20417 18942 1329234430
20460 45524 1389737820
20506 20867 1327471986
10847 32577 1364428429
18589 29480 1354234765
20626 20629 1326752038
20696 20778 1327164311
12651 21100 1338904742
20732 20806 1327612519
20521 20631 1327023132
20768 22247 1340686910
20852 20812 1327423334
19113 37373 1386696014
20870 20869 1327478015
20886 22343 1332490806
16716 20922 1327681493
21002 13980 1327990668
21019 21007 1328020997
21025 21020 1328033168
20994 33639 1367559990
14006 22088 1342068424
21082 21070 1328228181
21028 7183 1341914586
21171 32548 1364494267
21183 21182 1328577961
20639 26834 1348810321
21202 21233 1328740050
21255 31807 1362023447
21256 44980 1390426952
21284 42676 1384373296
18044 27497 1351049809
21369 4769 1354006137
8369 47640 1395422569
21437 36812 1373499614
21435 9164 1329500007
20740 21445 1329432888
21480 21504 1329588414
21498 21557 1329719369
21536 20798 1329676422
21538 21545 1329701319
21576 21680 1330126276
21601 24461 1340313500
21622 21621 1329946967
21619 21759 1330408619
21698 33333 1366689788
21734 22500 1333068171
21785 24024 1338212028
21816 36441 1399337314
21825 22022 1331331620
21885 37415 1374388504
21995 21969 1331287256
11444 24053 1338291625
21999 10747 1331833993
20099 22024 1331338202
22036 34746 1370616325
5697 27201 1350121413
22083 22080 1331527221
21810 25730 1345210344
21925 22196 1331957326
22094 22295 1332361704
22186 22156 1331932491
22191 22199 1331961245
22204 27590 1351369301
22215 26192 1368683995
22237 27659 1351553987
22250 22349 1332200123
21265 22252 1332208618
22256 21429 1332516994
22268 24139 1338542186
22337 32427 1363992502
15187 22376 1332761289
22450 14218 1332904852
20325 22451 1332910397
22492 22721 1333808401
17599 20931 1333059803
22501 22510 1333088469
22523 22522 1333139096
22326 24501 1339949344
22669 10724 1334835506
22447 22385 1333751826
21884 31744 1361872724
13946 22700 1333751216
22606 43129 1385395858
22804 18850 1358917985
11084 31670 1366135389
22830 22829 1334189700
22880 43941 1396925622
22906 22865 1334440006
22907 22916 1334474008
22925 48759 1395847991
19510 22969 1334677754
22977 22313 1334696770
22984 23150 1335218550
23021 23018 1334797732
23075 23083 1334968750
21697 49731 1398130758
23200 23181 1335374427
23229 23238 1335486906
23237 23740 1337152034
36572 6728 1367451720
23222 12586 1336434494
23398 23397 1336005824
23434 39948 1379105725
23520 23523 1336448470
23534 25904 1345778878
23540 38433 1376117603
23584 23582 1336632896
22338 24446 1339689857
21201 27279 1350357848
23578 24333 1339488135
23804 18264 1337414531
23812 22572 1337446909
23818 40549 1380331016
18308 23810 1337481492
23856 23855 1337637934
23870 16666 1337697775
23762 23948 1337962799
23935 12218 1341638159
14166 34494 1369853732
23982 24016 1338178527
23991 23986 1338099630
23993 24682 1340609557
23976 24035 1338245525
24034 44099 1386904792
24048 24042 1338274389
24060 38700 1376854218
24074 23164 1338349466
24043 24112 1338442013
24192 30155 1376545901
23373 24408 1339601663
24383 24379 1339513173
24401 15004 1339558109
24444 24430 1339688840
24460 15114 1339720965
24502 24715 1340811339
24547 24853 1341311301
24554 28043 1368800293
24442 26082 1346366670
24640 24636 1340404501
24641 12081 1340738024
24645 24670 1340570129
24661 24711 1340776966
24669 26585 1347924844
24700 24695 1340680288
24781 12849 1371585030
24796 26517 1348288533
24798 44152 1390272960
24768 36005 1372395381
24844 24843 1341277089
24864 27552 1351242807
18698 26882 1354059714
24978 24980 1341773179
24979 16941 1343413605
25011 24901 1341887179
25033 23013 1343278194
25054 42400 1383846469
25101 25244 1342833382
24952 25127 1342386452
25146 25184 1342577665
25156 25166 1342505850
8775 29357 1361666752
25247 24854 1348485735
25312 25097 1343175801
25243 25248 1343379361
25390 26052 1347397109
25476 25460 1343894922
25484 25552 1344272969
25105 25497 1344053487
25516 46119 1395187147
25530 25560 1344299224
25527 7066 1391327898
11841 26226 1346939902
25643 4789 1382434187
25740 36836 1373428737
25791 41303 1384227192
25792 29973 1364473454
25799 26202 1346795156
25807 27220 1350711498
25852 25935 1345871754
16464 36262 1383764390
9271 11527 1346427109
25985 24787 1346077655
26009 26030 1346250597
26041 26354 1347297692
26137 23016 1346549670
26152 25665 1346617704
26200 26194 1346793942
26286 29724 1354815956
26300 26291 1347104057
26352 22315 1370525070
890 34518 1375283706
26059 17509 1350009562
26397 26400 1347401343
27328 40637 1380474686
25051 27188 1350101864
26656 26594 1348130106
25414 27381 1369320980
26220 26630 1348151784
26700 48449 1395237503
26798 29628 1354574952
26860 26901 1349032175
21136 36177 1381800884
7712 27016 1349486536
27049 27042 1349566320
27189 18180 1350582903
24119 27957 1352484484
27287 26580 1350401508
27380 27375 1350662972
27417 27412 1350824188
27402 27486 1351026768
27441 27457 1350942218
23874 30904 1359090357
23689 27222 1351055881
27499 27513 1351103113
27576 22468 1351313072
27588 27586 1351366553
27637 34714 1371044857
27681 27677 1351600313
27704 30530 1358223894
21155 32570 1364413608
27761 27118 1351878643
27770 30971 1359400769
42371 48838 1395987249
27781 27789 1352516620
27828 50237 1398916914
27773 19850 1352131769
22073 30628 1358153078
27941 29762 1355005157
28002 25062 1354076647
27960 28106 1352952678
28069 28068 1352841249
27832 34296 1369335454
28147 28159 1353116645
28151 28200 1353266787
827 30555 1357937397
73967 33904 1380790829
27895 15566 1360746715
23252 42567 1384102508
29309 29315 1353620686
25202 30144 1356220740
29353 29340 1353732234
29404 29432 1354146719
29413 29549 1354326626
22217 43335 1386299529
29482 24151 1354215785
29543 28141 1354329673
29600 29587 1354519109
29591 29680 1354689135
29617 29624 1354565425
29611 32639 1364621460
29634 30203 1357955224
29667 29547 1354670486
29671 27305 1354678997
29663 20586 1367809419
29625 43469 1385783567
29777 29770 1354988854
29797 29784 1355083656
29893 29891 1355375486
29911 31010 1359504270
29968 30926 1359165847
29980 36373 1372817279
30026 20527 1358283852
30035 31105 1362639097
30041 30040 1355820806
30038 30066 1355890563
30058 30304 1357538350
30087 30077 1355948344
30096 30092 1355964593
27736 49656 1397660070
24179 30954 1364747095
30184 24963 1356380406
30194 27002 1356408037
30196 26069 1356442349
30172 48958 1396494238
20311 41581 1382265449
30209 38379 1377214001
30267 33792 1367973271
30342 21663 1357104444
28011 30884 1365126192
30480 30598 1358310745
30554 30545 1357878589
28209 32600 1384642150
30376 30595 1358038987
30618 30808 1359098484
30662 30638 1358252742
26756 30916 1359155830
30755 30747 1358534568
21271 36752 1387579136
30868 30855 1358980554
30933 30943 1359224795
30997 31020 1359522145
21482 33954 1368506668
31164 31162 1360023819
31301 31300 1360443697
30827 43198 1389286605
30641 35183 1380425793
31275 31607 1361407994
50650 31512 1361648776
31421 35180 1371834020
31424 40542 1380240367
31524 13095 1369556223
31549 26925 1361568494
29738 31533 1367293978
31622 31963 1362527636
31715 24620 1361769084
31721 31718 1361772490
17630 29326 1361892110
2306 31752 1361914464
26635 31894 1362291629
31818 41604 1382312847
31864 31939 1362546672
31931 16714 1362448267
31978 31006 1362727272
32010 32007 1362663637
32083 27805 1363043071
32143 20726 1363132214
32142 32163 1363192497
32057 47027 1396337723
32197 32216 1363333760
30525 49954 1398366697
32463 32462 1364097919
32474 32472 1364127898
32483 32749 1364913146
32526 41513 1382134020
16852 37703 1387219668
32602 19928 1364504160
36186 32599 1364663432
32681 39187 1377592271
32720 15019 1364856267
17508 32847 1365201158
32871 37786 1374890679
32882 33905 1368384402
32907 32869 1365411021
32910 32905 1365424158
32985 33373 1366779805
32999 33367 1366751931
33013 33004 1365700925
33041 31821 1365763925
33091 33083 1365943632
29961 36145 1381648232
33058 33122 1366054760
35324 33290 1388003392
33254 33269 1366428490
33291 33289 1366556758
33090 45570 1389976737
33128 50538 1399558560
33481 33479 1367089203
33616 33614 1367499292
33631 33604 1367540982
33648 38799 1376872707
33666 33711 1367784636
33749 33745 1367882732
33751 33765 1367904828
33858 33912 1368325539
33489 42440 1386738829
33927 34463 1371147622
42411 41219 1383784229
33974 33960 1368568684
34008 34007 1368624988
33835 34534 1369924909
33852 34314 1369474185
4422 34157 1369082576
4836 34268 1369283268
33757 34717 1370656395
24482 34177 1369434446
34154 34430 1369701014
34511 34743 1370605500
34598 34568 1370161559
34687 34573 1370462133
34692 34721 1370560545
34707 34345 1370539648
34671 32830 1372987377
34735 34744 1370605526
20418 34755 1370636579
34777 34875 1370993252
34858 34976 1371256403
34870 34767 1370985078
34859 34922 1371586997
34726 38032 1375357791
34974 36452 1372895319
34978 23795 1371260085
35014 36862 1373509053
35074 35065 1371580493
19456 35079 1371590825
35098 35405 1372173524
35810 26342 1379715704
11152 35875 1372352593
36099 36063 1372480249
35468 36545 1373004861
36506 36865 1373474977
36575 40381 1392235320
35529 49968 1398904562
30909 36605 1373112603
36887 36972 1373629640
37033 37028 1373715516
15342 34094 1373741478
36611 48585 1395528966
37087 37104 1373863539
36625 47856 1394158371
2126 47687 1393846898
36450 37618 1374623231
37308 37320 1374202651
25700 38926 1378310346
37353 36877 1387314569
37410 37400 1374327329
32036 35222 1374468262
37394 38393 1376067036
35800 37024 1374550446
36110 39492 1378993835
37822 48280 1394872751
37849 37891 1375116248
37934 41143 1381442099
37843 47245 1393000014
38104 41635 1382384757
38200 41274 1381779516
38297 38283 1375894232
38337 38330 1375956400
38375 37803 1376002211
35433 38402 1376061613
37405 45482 1389765673
38435 38445 1376123143
38610 39289 1377767437
36155 46845 1392197207
38971 38521 1377201249
38654 44293 1393283186
33544 39177 1377575979
39227 39284 1377755868
39307 39304 1377799450
36563 37682 1378315602
35872 39589 1378407987
39602 36221 1397369582
39758 44326 1387335719
39883 44868 1388685076
40090 46591 1392093326
40116 40074 1379445624
40087 33878 1393875768
40133 40138 1379476188
35733 49598 1397523620
39387 41973 1383158155
40437 40421 1380061430
31059 43318 1385511994
40472 42547 1384255485
40502 45431 1389565059
40592 39756 1380359188
40595 40589 1380366140
40671 40654 1380537067
40659 42091 1385755644
38361 40901 1380996430
40748 40752 1380686058
27400 45063 1388966921
39915 26401 1381132564
40995 40933 1381173161
41123 44376 1390411586
41140 41064 1381441283
41371 38698 1381964732
41283 41359 1381923737
41301 43571 1386055651
39485 42545 1383981626
41401 41410 1381974276
41438 41455 1382058309
41514 45658 1389988562
41596 27358 1382301074
40911 16186 1394777401
41818 41771 1382671252
40439 46997 1392737617
41900 30633 1383780876
12604 42317 1383611870
41997 42232 1383438560
42038 42642 1384205040
42059 42355 1392550879
40145 46127 1391651083
41650 50507 1399490656
42346 42340 1383644119
42375 42373 1383699681
42387 42409 1383776663
42483 41802 1383865013
42488 16146 1383871215
42513 19370 1383906560
42693 41704 1384305168
21124 47533 1393498641
40458 43439 1387636329
42944 42945 1384841698
43014 14555 1384959323
43060 43190 1385321964
37212 29876 1385130632
43222 12122 1385373412
43270 47893 1394176695
43309 49089 1396584425
43364 46142 1390981993
43383 18785 1385805193
43478 31866 1385807117
14563 17386 1386394695
43938 13748 1386853420
24642 47752 1393962213
44115 44906 1388814615
44255 48140 1394657871
44363 44349 1387416721
35706 41255 1389865003
44547 44464 1387725180
44596 44592 1387846852
44620 44602 1387892299
39853 44667 1388028642
44729 44678 1388186992
44763 44771 1388298517
37875 41662 1388482859
44966 44651 1388712763
45000 50417 1399388272
44201 11475 1393856060
37644 49410 1397097967
45214 45356 1389400279
45413 45494 1389724668
2937 48029 1394456764
45262 46975 1390141451
45746 38249 1390888109
45745 38947 1390280599
42542 44979 1390269099
26038 45733 1390370295
45868 46660 1391784680
44362 50073 1398627999
46167 27790 1391035414
46291 46292 1391287888
40109 45915 1391409607
46424 46929 1392355836
46461 46326 1391463111
45393 46510 1391656961
32261 48503 1395335173
46889 41235 1392271963
46903 16507 1392307773
46918 46900 1392350064
47144 47147 1392806570
22079 46599 1392805303
47260 47593 1393713038
47269 47279 1393062429
47328 47347 1393213062
47365 47224 1393239480
47373 47368 1393260263
47482 50262 1399666806
47469 47369 1396178877
47544 46859 1393605093
47709 36103 1396403215
39815 47499 1394727865
47763 47915 1394228075
37433 48255 1394840924
47999 47094 1394382702
47964 50157 1398748179
47430 39773 1394457550
48273 48296 1394916782
48366 48391 1395100796
43172 49031 1396916037
46785 38114 1399392268
48505 48504 1395342452
34464 49013 1396408622
48772 48760 1395887675
48757 50718 1399925717
48814 47772 1395951054
48851 48903 1396152889
48554 50656 1399754250
43672 48944 1396326608
49045 50651 1399747156
44137 50447 1399406007
48954 49266 1396901832
49406 49409 1397098105
49404 49672 1397095396
36985 49044 1397344837
45600 49927 1398314037
46677 44937 1397793944
35660 30582 1397979372
49793 28199 1398029012
49936 49928 1398326444
49957 48265 1398367614
48790 49990 1398400573
50066 49203 1398610585
37777 50086 1398653655
50128 50133 1398729480
50164 50163 1398758104
50355 50353 1399221507
50465 40734 1399668762
50551 50511 1399567834
41322 49105 1399573463
38068 50606 1399675644
50667 31814 1399780306
50685 29337 1399848283
