33757 34717 1370656395
24482 34177 1369434446
34154 34430 1369701014
34511 34743 1370605500
34598 34568 1370161559
34687 34573 1370462133
34692 34721 1370560545
34707 34345 1370539648
34671 32830 1372987377
34735 34744 1370605526
20418 34755 1370636579
34777 34875 1370993252
34858 34976 1371256403
34870 34767 1370985078
34859 34922 1371586997
34726 38032 1375357791
34974 36452 1372895319
34978 23795 1371260085
35014 36862 1373509053
35074 35065 1371580493
19456 35079 1371590825
35098 35405 1372173524
35810 26342 1379715704
11152 35875 1372352593
36099 36063 1372480249
35468 36545 1373004861
36506 36865 1373474977
36575 40381 1392235320
35529 49968 1398904562
30909 36605 1373112603
36887 36972 1373629640
37033 37028 1373715516
15342 34094 1373741478
36611 48585 1395528966
37087 37104 1373863539
36625 47856 1394158371
2126 47687 1393846898
36450 37618 1374623231
37308 37320 1374202651
25700 38926 1378310346
37353 36877 1387314569
37410 37400 1374327329
32036 35222 1374468262
37394 38393 1376067036
35800 37024 1374550446
36110 39492 1378993835
37822 48280 1394872751
37849 37891 1375116248
37934 41143 1381442099
37843 47245 1393000014
38104 41635 1382384757
38200 41274 1381779516
38297 38283 1375894232
38337 38330 1375956400
38375 37803 1376002211
35433 38402 1376061613
37405 45482 1389765673
38435 38445 1376123143
38610 39289 1377767437
36155 46845 1392197207
38971 38521 1377201249
38654 44293 1393283186
33544 39177 1377575979
39227 39284 1377755868
39307 39304 1377799450
36563 37682 1378315602
35872 39589 1378407987
39602 36221 1397369582
39758 44326 1387335719
39883 44868 1388685076
40090 46591 1392093326
40116 40074 1379445624
40087 33878 1393875768
40133 40138 1379476188
35733 49598 1397523620
39387 41973 1383158155
40437 40421 1380061430
31059 43318 1385511994
40472 42547 1384255485
40502 45431 1389565059
40592 39756 1380359188
40595 40589 1380366140
40671 40654 1380537067
40659 42091 1385755644
38361 40901 1380996430
40748 40752 1380686058
27400 45063 1388966921
39915 26401 1381132564
40995 40933 1381173161
41123 44376 1390411586
41140 41064 1381441283
41371 38698 1381964732
41283 41359 1381923737
41301 43571 1386055651
39485 42545 1383981626
41401 41410 1381974276
41438 41455 1382058309
41514 45658 1389988562
41596 27358 1382301074
40911 16186 1394777401
41818 41771 1382671252
40439 46997 1392737617
41900 30633 1383780876
12604 42317 1383611870
41997 42232 1383438560
42038 42642 1384205040
42059 42355 1392550879
40145 46127 1391651083
41650 50507 1399490656
42346 42340 1383644119
42375 42373 1383699681
42387 42409 1383776663
42483 41802 1383865013
42488 16146 1383871215
42513 19370 1383906560
42693 41704 1384305168
21124 47533 1393498641
40458 43439 1387636329
42944 42945 1384841698
43014 14555 1384959323
43060 43190 1385321964
37212 29876 1385130632
43222 12122 1385373412
43270 47893 1394176695
43309 49089 1396584425
43364 46142 1390981993
43383 18785 1385805193
43478 31866 1385807117
14563 17386 1386394695
43938 13748 1386853420
24642 47752 1393962213
44115 44906 1388814615
44255 48140 1394657871
44363 44349 1387416721
35706 41255 1389865003
44547 44464 1387725180
44596 44592 1387846852
44620 44602 1387892299
39853 44667 1388028642
44729 44678 1388186992
44763 44771 1388298517
37875 41662 1388482859
44966 44651 1388712763
45000 50417 1399388272
44201 11475 1393856060
37644 49410 1397097967
45214 45356 1389400279
45413 45494 1389724668
2937 48029 1394456764
45262 46975 1390141451
45746 38249 1390888109
45745 38947 1390280599
42542 44979 1390269099
26038 45733 1390370295
45868 46660 1391784680
44362 50073 1398627999
46167 27790 1391035414
46291 46292 1391287888
40109 45915 1391409607
46424 46929 1392355836
46461 46326 1391463111
45393 46510 1391656961
32261 48503 1395335173
46889 41235 1392271963
46903 16507 1392307773
46918 46900 1392350064
47144 47147 1392806570
22079 46599 1392805303
47260 47593 1393713038
47269 47279 1393062429
47328 47347 1393213062
47365 47224 1393239480
47373 47368 1393260263
47482 50262 1399666806
47469 47369 1396178877
47544 46859 1393605093
47709 36103 1396403215
39815 47499 1394727865
47763 47915 1394228075
37433 48255 1394840924
47999 47094 1394382702
47964 50157 1398748179
47430 39773 1394457550
48273 48296 1394916782
48366 48391 1395100796
43172 49031 1396916037
46785 38114 1399392268
48505 48504 1395342452
34464 49013 1396408622
48772 48760 1395887675
48757 50718 1399925717
48814 47772 1395951054
48851 48903 1396152889
48554 50656 1399754250
43672 48944 1396326608
49045 50651 1399747156
44137 50447 1399406007
48954 49266 1396901832
49406 49409 1397098105
49404 49672 1397095396
36985 49044 1397344837
45600 49927 1398314037
46677 44937 1397793944
35660 30582 1397979372
49793 28199 1398029012
49936 49928 1398326444
49957 48265 1398367614
48790 49990 1398400573
50066 49203 1398610585
37777 50086 1398653655
50128 50133 1398729480
50164 50163 1398758104
50355 50353 1399221507
50465 40734 1399668762
50551 50511 1399567834
41322 49105 1399573463
38068 50606 1399675644
50667 31814 1399780306
50685 29337 1399848283
