28 378 1255614319
28 40 1265810518
19 44 1254646376
40 42 1254705503
40 91 1254985559
40 3049 1265806835
40 6522 1281159395
42 361 1255923472
44 54 1254620745
56 2988 1262635522
85 679 1255921936
85 10462 1288552392
91 1198 1255358390
88 81 1255102417
88 791 1259568600
88 2046 1259909341
97 2578 1268157653
97 9582 1285711794
132 1544 1257646320
132 4960 1270601982
151 660 1256135451
151 2869 1262061230
204 164 1255309473
164 213 1255313425
30 467 1255869161
30 894 1256288166
30 774 1256633070
30 2014 1258931934
211 774 1256266705
211 2594 1278010962
1198 491 1257958187
1198 1857 1258482299
1198 1182 1260461090
1198 7421 1283343166
271 4275 1267260281
271 10701 1299028643
271 10458 1298128942
273 784 1256048846
273 2205 1259720625
273 1020 1261183361
273 8448 1281738297
910 1057 1256614645
910 1646 1259403998
347 336 1255584122
336 571 1256004726
336 778 1256079174
336 1058 1256352422
361 919 1256223502
361 4226 1267076025
361 2259 1273012190
361 19949 1285628703
986 76 1256086857
367 1253 1257301925
367 367 1309288659
375 1048 1258044815
375 1468 1258046094
392 5731 1297855225
392 13766 1300654861
392 8955 1301094121
392 13741 1302295365
392 14337 1302731885
182 1065 1256357637
340 648 1255894491
340 2176 1259611630
340 3029 1268606485
422 887 1256170508
422 2117 1259382574
422 3615 1264750089
422 12669 1296794028
434 3472 1264273152
434 3597 1264694988
434 2576 1264822525
445 107 1257517859
436 1273 1276186219
423 648 1255894394
373 5082 1272862219
373 6031 1273733894
373 7445 1279259512
373 9492 1287884008
322 778 1256067807
438 975 1256457708
438 9154 1284802977
397 5281 1273979300
397 1474 1285909253
397 3544 1289943687
397 14449 1303191298
539 1327 1260880034
539 8786 1283049578
467 590 1255848878
550 333 1256272273
550 1163 1256596361
538 562 1255831472
538 2578 1264905282
570 5483 1271932698
570 7738 1280871583
572 179 1271505649
607 1388 1257180304
607 5000 1270002165
607 5108 1270339284
618 6715 1280844513
618 8124 1280867942
618 7434 1280981751
621 702 1255944053
621 956 1258586218
621 11280 1291376951
617 2978 1262623653
617 4128 1266729907
617 3920 1266733696
625 4118 1266711247
669 668 1255911437
669 12090 1294475739
668 744 1256263322
668 8040 1280478140
673 823 1256105276
673 956 1276929579
673 11780 1293087856
673 8646 1302242890
98 1938 1261205501
2480 3725 1265936876
2480 2480 1268126432
2480 5450 1306928352
689 4110 1267030765
689 4994 1273908850
689 5609 1273937311
687 4747 1270177633
704 663 1255944902
663 1093 1256488411
732 4671 1271569303
732 7776 1283257328
732 2327 1284524590
732 6646 1291579616
732 13453 1302824228
571 6515 1281491236
178 1733 1258096231
773 779 1256018652
774 1027 1256309998
774 146 1256685531
778 13072 1298097235
342 1086 1256701316
342 644 1256809679
342 2805 1261828015
261 887 1256149020
261 877 1256192488
261 1591 1272528282
795 861 1256123388
795 795 1257179360
792 814 1256107991
792 848 1256111542
792 896 1267871252
792 4036 1267970367
316 1472 1257369525
316 3318 1266333306
316 4751 1269043995
316 1799 1286257891
316 9962 1287049925
109 1800 1258751830
109 9068 1289504836
799 1654 1275665717
799 6547 1275667282
800 6216 1274466148
800 8066 1280989487
800 7747 1281866183
800 8480 1281990715
800 8751 1282668749
660 3246 1265110908
660 10313 1288064623
836 860 1256120056
823 823 1256152461
823 962 1256267136
823 2015 1284768864
814 876 1256136621
814 880 1256139291
814 908 1256185801
851 835 1256108542
848 9652 1289912563
873 878 1256137541
885 6854 1283030837
744 894 1256280812
887 3533 1264459676
894 1013 1256314274
180 2741 1300256407
911 55 1258585323
911 4488 1268123961
919 4544 1268345471
919 1528 1268455908
919 4659 1268717877
919 4649 1302033186
598 928 1256180285
928 931 1256180842
908 1326 1283118260
940 8824 1291240482
956 960 1260592414
956 3888 1265638872
956 16129 1310540154
961 2158 1271752285
961 961 1272285634
962 1170 1282955149
984 3552 1269099156
984 11806 1293218428
996 1494 1257417175
997 35428 1256265065
997 1844 1261534619
975 4043 1266404393
35428 2044 1259632674
35428 2318 1260185021
1007 16048 1309254412
333 14255 1302500623
333 6183 1303548176
896 1265 1257058128
896 1037 1259368160
896 13566 1303701109
1015 2185 1268542516
1015 7093 1277653113
825 2741 1261514955
825 1735 1263348534
992 1195 1257406887
992 4199 1267031172
992 6142 1274317797
1013 1071 1256368939
1017 3557 1267692912
1017 4466 1268076277
1017 13197 1299321343
865 1653 1257948850
1027 1046 1256340146
1027 11502 1292297282
1035 1799 1261203433
565 565 1257814572
1046 1594 1270504851
1046 6982 1277236862
1084 1231 1267030339
1084 17988 1307564059
1084 33841 1308677452
5771 5395 1272803232
1086 7093 1280449821
1090 7776 1280285455
1090 6646 1296205024
1090 7341 1298081409
1094 8152 1280960251
1094 12605 1296728603
1094 12823 1297241174
1094 16123 1309566774
81883 3649 1265178780
81883 81883 1270127898
1093 1019 1258672399
1037 1330 1257017492
1037 1552 1257536933
1037 2044 1259085108
1109 4682 1270611862
1116 855 1256462906
1116 8520 1281957654
1116 1116 1291525753
1116 12067 1294557017
855 1447 1257506095
1054 3819 1265414001
1124 1102 1256501649
1102 8739 1284574956
1102 3840 1285263560
1102 10930 1303608911
1102 27140 1307388901
1143 15387 1309133340
1142 1460 1258671517
707 1221 1256695091
707 13628 1309244324
707 1666 1309376540
707 16086 1309380627
838 4199 1267026761
1158 5112 1270805588
801 771 1256589886
801 1626 1258708717
1162 1162 1256595338
1165 1392 1257299549
1179 1053 1256618815
1179 4645 1269162657
1179 10217 1291789762
1179 11329 1295937496
111 2242 1277683190
111 7508 1278933986
111 7694 1279383367
1185 10323 1289092298
1185 10609 1289092500
1185 8977 1295441461
1177 2533 1262444677
146 16336 1310271038
146 15575 1310290320
1202 1566 1258549303
1202 11521 1296437508
1202 14105 1306795789
927 3885 1265613866
20584 1178 1256970590
1220 1404 1257244232
1220 5274 1288409707
1220 10934 1290139001
1216 1258 1256783299
1182 5260 1270891072
1182 3676 1271842634
1231 4046 1286565864
1231 509 1309397145
1048 1261 1256909373
1048 1626 1259798807
1048 7721 1290070749
644 509 1268306096
644 14397 1302847212
4402 10053 1287067909
1125 2046 1259974864
1125 10701 1297039663
377 3824 1265388074
377 2525 1282930182
377 9300 1303531143
377 16087 1309910622
1261 10862 1295853125
1268 686 1256809753
1272 1272 1278711794
1274 1276 1256846388
1274 1354 1257443011
1281 2320 1260132388
1281 10035 1303754770
1304 11259 1305083892
1305 4996 1269901795
1305 5709 1273011204
1305 5428 1274414067
1313 2074 1259192748
1313 3285 1263619302
2258 2258 1257052608
2258 1811 1259988291
1328 12847 1297306943
1330 1330 1257225172
1330 1592 1257746188
1104 2903 1262233835
1104 2929 1262364162
1369 874 1257155931
1369 1623 1258523476
1369 2096 1259283058
1369 2112 1259331844
1369 3842 1265506046
874 5780 1272847875
874 6107 1291146657
1363 1363 1301028930
1386 10820 1303222006
1354 1393 1257213278
1354 1763 1259386758
1392 4027 1268949458
1392 5360 1273288799
1400 4760 1294620365
1400 7626 1303617010
1253 1729 1258083911
1403 4420 1267908852
1401 1308 1257243454
1120 1535 1260521586
107 1429 1257289315
1437 1455 1258260171
1442 1471 1257364975
1445 7223 1277984932
1447 1927 1258682210
805 7504 1289631357
785 1799 1258434510
785 9992 1286933673
785 5375 1287207411
1468 1468 1257421732
1468 6742 1276311183
1470 1470 1257407437
1470 1531 1257485105
1481 4766 1269116165
1481 7399 1287167437
1481 9542 1287187512
1481 10147 1291329660
1460 8294 1281444632
1406 1518 1257607305
1406 1745 1258365960
1496 3410 1264038259
1214 1519 1257468649
1525 2205 1259724827
1526 1518 1257480815
1528 2052 1264996094
1544 1583 1257636415
1544 3975 1280123696
1552 1546 1257544568
1546 9502 1301014403
1172 2730 1261822408
1555 3888 1272044223
1570 1577 1257594497
1579 1579 1257609295
1698 1698 1259733705
1698 3023 1262760243
1698 5493 1271788509
1583 10139 1287681513
1583 14559 1303447984
1592 1169 1257730732
1169 1169 1257727410
2594 3147 1263242746
2594 6988 1284160475
2594 12160 1299961992
1612 1612 1273300346
1612 7692 1281271692
1612 8445 1281805218
1594 17988 1273206245
1594 36285 1273545890
1594 6099 1275439681
1629 1626 1257805480
1626 2305 1266870581
1626 10330 1297818819
1643 3923 1267087193
1643 7200 1282436648
1649 6288 1274737566
1649 2300 1274744852
1653 1364 1257949938
1653 2320 1260855377
1019 1990 1258796873
1646 2121 1259404511
1646 1924 1260796017
936 2034 1259002541
932 2498 1260570116
932 2436 1264488874
932 3682 1265013115
1364 2120 1259378751
491 868 1285340573
491 8162 1289916261
1627 1827 1258358123
1627 5461 1271716217
1692 1714 1258050168
1020 12059 1294356723
1704 1074 1259287525
1713 1724 1258135693
1724 5739 1272622683
1724 15293 1306802007
1729 7332 1278347085
1729 2215 1295569042
1743 5068 1280312080
1761 2322 1260046616
1763 1844 1258414329
1763 507 1259451179
1763 7442 1278889691
1772 2611 1260932442
1779 1780 1258182499
1782 1983 1260499182
1786 2907 1262251256
1791 3907 1266124261
1455 1794 1258258514
1799 10335 1288224928
1810 1796 1258281226
1811 8183 1285557023
1811 7540 1286271501
1811 15028 1305162844
1822 5536 1272569650
1822 9653 1285831106
1822 13624 1300082382
1823 1879 1258544296
1837 3291 1272235493
1837 10811 1297822766
1846 1591 1258421471
1855 1862 1258494560
1855 5068 1270097238
1855 3142 1270200270
1855 5775 1272884454
1855 5734 1304027727
960 1857 1258475261
960 2512 1260585509
960 5254 1274131522
960 7726 1279511106
1865 1864 1258504685
1867 9927 1289541732
1867 8358 1299804025
1884 1977 1259717282
1884 3844 1265512922
1886 2226 1259772717
1915 15474 1306795432
1686 7139 1277826860
1927 6719 1277904378
1928 1987 1258787038
1937 12292 1295378706
1948 1949 1258693508
10273 9878 1290335833
10273 14559 1303514692
1960 1960 1258734568
1966 8457 1296818818
1969 6344 1275338632
1969 13176 1298448305
1969 13453 1303238935
1970 1954 1258740827
1970 8955 1283443822
1954 2311 1259982775
1954 2766 1270617524
1979 3000 1268291958
1977 2451 1260393698
1988 4747 1269055682
1988 7631 1285383280
1953 6646 1278179015
2004 3873 1265613815
2004 4925 1269902308
2013 2074 1263318328
2013 5611 1272260701
2013 3812 1282137512
2014 2711 1261286564
1938 6935 1277114130
2023 10761 1289517873
2029 4031 1266656396
2029 3092 1271934604
2029 6091 1276646795
2029 8565 1282111727
2031 7325 1278538643
2035 2347 1260155916
2035 2376 1260256604
2035 1816 1280248906
2035 13193 1298657823
2046 2421 1260364197
2046 8419 1310100316
2045 2055 1259107640
2045 6460 1275376216
946 9292 1284788603
2055 2206 1302017087
1921 3067 1262966489
1921 1676 1266679836
1921 3822 1268784652
1921 5935 1286503171
3214 5710 1276030397
3214 12907 1297453901
507 1983 1259208672
507 2170 1260079999
507 1876 1260085545
1956 12531 1296114416
2096 4536 1268287942
2099 2102 1259297042
2110 2238 1259743273
2110 2081 1277192040
2093 2128 1259400068
2093 2140 1259443660
2113 2987 1262765676
2113 3267 1263606602
2111 2121 1259390831
2120 21108 1260236533
2117 2657 1261105208
2122 6710 1278321211
1134 2446 1267138977
2164 1474 1271054932
2164 8974 1303382158
2164 3513 1303411983
2165 5217 1274270403
979 10416 1289146990
979 15880 1308531259
979 6768 1309150326
2205 8165 1280993770
2215 2215 1295048790
2229 2229 1259724603
2229 12506 1296035182
2226 2232 1259728483
2218 6206 1304738448
2218 12832 1308021173
2223 13967 1301351588
1930 10220 1288128498
1930 9962 1290923980
1930 10458 1294608082
2282 2586 1261137050
2224 2482 1260483694
2312 6555 1283298280
2312 11609 1292996764
2318 2387 1260095357
2318 1173 1260247730
2318 2600 1260919313
2286 3052 1262918309
2327 2536 1262947121
2327 4625 1268921397
2327 3261 1271816923
1876 3565 1264579543
2259 448 1285884521
2360 9932 1286854251
2360 10246 1288938422
2370 2357 1260230245
2357 8123 1280867427
1530 7012 1277329232
1887 9442 1285188996
1887 7845 1309983237
1887 3394 1310026075
1887 5093 1310502134
2394 2394 1260312522
970 7903 1280107222
970 10221 1287807235
509 4717 1268945022
509 5274 1288411475
2421 3449 1264135982
2436 3183 1265109198
2436 6466 1280383084
2458 2447 1260407796
2206 3139 1272712353
2473 2533 1261702068
2474 2509 1260579637
2482 9158 1298824211
2482 10867 1302122520
2490 2669 1275948290
2490 6776 1278127418
2490 12500 1296090606
400 5312 1271889755
400 10286 1287911878
2231 2500 1260535946
2231 4553 1285807646
2498 2498 1277443509
2498 3770 1278007498
2497 8813 1282905558
2497 7705 1283023119
2497 8857 1283059732
2497 14148 1302036219
2497 7787 1302094987
2308 17988 1282841303
2308 8415 1284738219
2308 9516 1309275572
2308 5482 1310434771
2515 2541 1260694539
1681 12314 1295448096
96 4005 1297833736
2566 2566 1260908691
2566 2597 1260911131
2570 5908 1274261999
2570 13354 1299083711
2586 2586 1260976024
2586 9258 1284633387
2597 2597 1266885601
2597 14748 1304091692
2597 9669 1310412542
2569 7573 1279167928
2600 2611 1260934515
2599 2733 1262405756
2614 2638 1261050580
2614 4093 1266585108
2614 2883 1278300640
2614 7002 1278359108
2616 4133 1267924213
2628 3156 1268969593
2628 3593 1286412558
2300 4286 1267309281
2300 6100 1273910473
2547 2547 1276341306
2633 2639 1261060342
2633 2785 1261750197
2644 2644 1270769284
2644 3202 1273715260
2649 2655 1261101163
2649 6086 1273847724
2536 3049 1262926939
2146 3049 1263600470
2146 5092 1270225215
2146 9684 1285889015
2146 14447 1293668688
2146 15247 1306047770
2714 3065 1264290451
2714 16124 1309574682
2702 4837 1269472518
2730 2738 1261482310
2733 2884 1262154277
2733 9823 1289779741
2733 3338 1289801851
2735 3071 1267162908
2735 2735 1267227029
478 2641 1274160774
478 2883 1277532261
2734 3195 1263356182
2734 3031 1265924754
2734 4517 1269386828
2741 3560 1289127327
2741 10323 1289696183
2750 2750 1261531008
2533 3017 1262704724
2737 3536 1267159529
4696 4317 1271731470
4696 11266 1298690863
2785 8515 1284721001
2795 2910 1262281923
2795 3370 1263908747
2275 2669 1261767645
2275 4965 1269793639
2275 3156 1274135358
2275 4863 1274306290
2669 5631 1272320820
2669 8721 1282860308
2669 4100 1290845313
2797 2797 1262563042
2805 3011 1275190084
2805 6517 1294698132
2814 2816 1261882472
2814 2047 1261984699
2814 2907 1262437183
2814 7839 1281423457
2819 3952 1265937145
2819 5399 1272607633
2819 5323 1275991919
2819 14147 1302041678
2833 2693 1261968141
2833 3826 1265454023
2833 4076 1267670668
2833 6466 1275861073
2833 12976 1300179496
2693 3453 1264143254
2693 6997 1277263625
2693 9335 1308012543
2857 5628 1279913376
2857 4701 1289707493
2873 2877 1262104994
2878 2872 1262106781
1866 3620 1264770369
1866 4757 1269134334
1866 6700 1280455517
1866 4575 1284873923
1866 14129 1301968323
2888 4046 1281646545
2891 2933 1262404831
2891 2891 1262728296
2900 9502 1281370976
2900 3193 1290176298
2900 14616 1303555381
2903 12213 1295010491
2907 2929 1262339375
2907 5557 1272049487
2910 4145 1266798675
2923 3475 1274256114
2923 3676 1275886911
1238 3017 1262671548
1238 3000 1263258923
2865 2935 1262404227
2933 3867 1265568442
2933 8940 1283385201
2944 3651 1265170440
2944 4048 1267749764
2944 6066 1273813900
2944 6031 1274576514
2944 3028 1276821644
2944 11102 1291557910
2947 6209 1292221269
389 2974 1262647589
2991 3170 1266366729
3005 8075 1283127373
3005 4076 1285572864
3023 14570 1303360490
2604 3157 1263253108
2604 4934 1269637075
2604 5135 1270454245
3028 3024 1262780249
3028 4061 1266475848
3028 4461 1268009902
3028 6700 1276818095
3045 6700 1278477867
3045 15239 1305885305
3046 3108 1264862897
3049 3156 1263250663
3049 2578 1268001898
3052 6074 1286240674
3054 5705 1272636416
3061 14312 1302861324
3065 3326 1264285683
3065 6590 1275985406
3065 10103 1287280735
2989 9981 1299083414
2902 6776 1279719088
3092 7832 1279825045
3108 6571 1275782140
3108 9669 1286486458
3108 3293 1291078012
3108 6223 1293017707
3139 4105 1266698255
3139 3142 1270181292
3143 3400 1269481792
3143 7625 1279174137
3143 13321 1302308200
3147 39723 1264004550
3142 5005 1270158347
3161 5660 1272804339
3195 7361 1278421109
3195 7168 1278423169
1735 8567 1282640558
3205 3282 1270788158
3205 14552 1307662097
3210 3208 1263366273
3210 4111 1273026474
3202 2641 1273714669
3183 3183 1265865770
3149 3253 1263509021
3149 3345 1263896717
3149 3246 1263956700
3149 37691 1289060941
3149 10629 1289163571
3149 11827 1293340770
3244 3287 1263619782
3246 4490 1270001554
3275 2293 1263575620
3275 4338 1273987857
2293 36814 1291353465
2293 44243 1307345099
3268 13547 1299775521
3267 15826 1308275874
3282 3029 1270810023
3282 10918 1290125201
3282 5585 1290182628
3282 11241 1291603017
3281 11581 1292808567
3285 3358 1263854583
3290 4130 1266741569
3290 13723 1300401693
3118 6361 1275101678
3301 3449 1264134382
1607 5217 1270862443
3293 4676 1271996475
3315 4067 1266494431
3314 3598 1264689260
3333 3333 1306448067
3333 14350 1302731254
3338 3338 1271696205
3338 10862 1289926529
917 917 1263789051
3346 3361 1263855393
3346 6349 1274991022
1835 3919 1268775724
1835 5628 1275649027
3358 3407 1264097782
3365 3366 1263870825
3365 13235 1298668802
3369 14191 1302171954
3350 5305 1271099598
3350 50854 1278288846
3370 3421 1264077585
3370 3898 1265699979
3370 7699 1281948661
3370 9059 1283966605
3375 5751 1272888213
3376 5066 1271306045
3376 4758 1300271239
3376 12518 1302064809
3096 3675 1265424801
3400 10000 1287299909
3400 12723 1297251129
39723 3029 1273449139
39723 3603 1274108143
3410 5965 1274311242
3410 15671 1307575149
3427 1961 1264087925
3407 3407 1264122704
3454 7685 1280465273
3458 3432 1264153669
3460 1537 1308613127
3467 3467 1264314207
3160 3160 1277139945
3160 6769 1284367155
3489 3489 1264312369
3492 3493 1264316418
3492 3508 1264370611
3493 3491 1264318199
3493 8487 1281874258
3493 8520 1281949055
3493 8556 1282086780
3493 8246 1283077802
3494 3762 1265249562
435 5288 1271007246
2578 8584 1292552354
3532 2362 1284932400
3533 5398 1271645775
3547 5112 1272752150
3551 2739 1264510525
2739 4641 1268815066
3478 3557 1264546676
3557 4803 1269283976
3557 5323 1271165806
3574 3574 1264618044
2788 14039 1301547317
3582 3587 1264653194
3582 3588 1264653716
3585 3590 1264659904
3589 3589 1264656472
3589 2610 1278625716
3590 1139 1265714987
3603 4086 1308409597
3603 10007 1309110008
3613 3605 1264739509
3615 7361 1278503022
3615 11059 1296604182
3602 4180 1267576602
3602 4048 1267583609
3602 8154 1280965266
3602 13268 1306200296
1139 3920 1266989506
3610 3610 1264812219
2576 3639 1264827866
3639 3685 1265016560
3639 3944 1265947842
3639 4005 1266957246
3261 4756 1283987960
3261 5273 1302116341
3261 4856 1302149588
3645 3671 1264988268
3579 10769 1291683413
3579 4437 1291919611
3646 3646 1309749097
2052 12660 1307409338
3824 3824 1265046248
3649 3843 1265509582
3708 3725 1265265256
3725 4635 1268614568
3700 3700 1265164203
3651 4358 1267638347
3651 7739 1280258664
3651 3572 1291101618
3651 11264 1291846574
3676 3676 1268599990
3676 13012 1299099115
3676 1378 1301994268
3641 3640 1265203533
3641 4037 1274776664
3641 12336 1295866978
3641 8923 1298756124
3237 3785 1265308749
3237 7738 1279583763
3237 7967 1282696951
3237 12013 1294197371
3237 12203 1295059115
3775 4074 1266539434
3775 4446 1271472371
3787 4357 1267617990
3787 9546 1293610080
3787 8648 1293629682
3777 3792 1265332012
3777 3860 1265850466
3777 4513 1268200613
3794 12138 1295657049
3803 6243 1276441394
3803 14289 1302625217
3803 4842 1307119028
1378 3851 1265523076
1378 5851 1273052312
3826 1448 1298517347
3837 7653 1279312237
3840 3840 1304621918
3855 5279 1270977724
3857 5116 1270330081
3857 15293 1307938221
3873 3827 1265625946
3873 13218 1307474508
3873 12189 1307684969
1537 3923 1265814470
3882 4389 1267778819
3887 4092 1266820570
3887 4153 1266835816
3888 4235 1268527802
3897 4805 1269286497
3897 13185 1298499253
3899 4436 1267949543
3899 5789 1273948444
2677 4994 1284496564
3898 4408 1298257513
3902 3939 1265886604
3902 3944 1265909686
3902 1874 1266643494
3902 12976 1304924671
3902 15928 1308726536
3909 7538 1285387707
3909 8789 1286260277
3909 9624 1301830478
3909 14308 1302651108
3919 4718 1269027887
3922 3967 1265991006
3923 13156 1298372287
3923 1669 1298530100
2555 4971 1273773532
2555 8842 1286830618
3939 3940 1265886952
3952 2781 1284885779
3960 9927 1289543242
3960 7456 1296254594
3960 11771 1297820819
2985 4058 1266460285
2985 4100 1267065081
3977 6569 1297647840
3560 14230 1302411074
3907 13981 1301995296
4000 76792 1266228070
3975 7538 1280118049
3975 4971 1280124540
3975 7900 1280283082
3975 7858 1280284375
3951 17773 1267088242
4031 2310 1289472170
1516 1516 1295274452
1377 4621 1270895890
2158 4302 1267408493
2158 3970 1267423279
1656 17773 1267619595
1656 4806 1269468926
1656 5268 1270944342
1656 5566 1272208106
1656 6826 1280729308
3816 15933 1308730192
4041 4041 1266406620
4045 4061 1266629727
4048 4380 1267740442
4048 12793 1307983338
4061 4105 1266636282
4061 9263 1284646249
4061 9293 1284725240
4069 15587 1309976869
4070 3875 1266521699
3875 8602 1282259802
3875 10709 1289368780
4035 4291 1270447977
4035 5626 1272607542
4035 6206 1275344410
4085 4102 1266627676
4085 4252 1267182715
4085 2377 1298253349
4086 4086 1267241589
4086 5583 1278309346
4086 8250 1298846584
4092 4235 1267089176
4095 4594 1268525520
4097 4257 1267162311
4097 4267 1267201234
1874 9684 1286077925
4108 4140 1266769953
4111 4925 1270263168
4111 1785 1270265704
4118 4118 1304913167
4117 4117 1266736916
4117 14092 1302569675
4126 4120 1266726334
4126 4606 1268954319
4126 4823 1269375580
4126 11853 1293531154
4120 8544 1282033890
3822 4643 1268869984
3822 6742 1277874356
3822 12884 1297382164
3920 4405 1267850610
3920 8021 1280444678
4135 7248 1278427518
4140 14850 1304485997
4133 4761 1269087888
4133 5938 1273265609
4133 6619 1275890129
4133 12870 1297339058
4520 4170 1266903626
4520 5100 1300838920
1307 1307 1266868319
4170 6779 1276759321
4170 13913 1301112153
4173 25726 1280901043
4176 6209 1274391625
1467 6183 1303525465
1467 5751 1310140295
4005 7373 1278485649
4186 4181 1266958545
4181 4420 1267907920
4181 7868 1299647867
4200 6985 1280886930
4198 4180 1267076220
4198 4245 1267119678
4201 2664 1266993792
2664 8224 1283037346
4180 5562 1272016769
4180 5744 1272659214
358 358 1267139837
358 5925 1281608763
358 9927 1288717222
358 15493 1306913300
358 15595 1307275184
2446 6779 1276573958
4100 10780 1289595620
4100 11312 1291503999
4100 13462 1303678073
17773 5621 1280311009
17773 8015 1280431349
17773 8275 1301992883
4235 4245 1275089440
4235 5830 1275330230
4222 4557 1268353057
4241 3664 1273969277
4248 5466 1271724643
4248 8075 1282543214
4248 4248 1282673412
3536 5621 1272318064
4267 2189 1299295940
4268 4300 1267394466
4078 9069 1283911418
4078 10255 1287781583
4078 4078 1287801949
4078 16344 1310463047
4078 10547 1310506626
4275 4710 1268925267
4275 1668 1268940193
4275 6345 1275057096
4275 4164 1291925202
4280 4279 1267299058
4287 4288 1267313801
3970 14286 1302586643
4291 5080 1270193387
4076 5689 1272490304
4076 6789 1279506804
4324 4949 1293488420
4325 6206 1274386866
2641 4348 1267598515
4327 2109 1274650956
4348 15470 1270087651
4356 11123 1292670973
2362 4367 1284233150
2362 6923 1285646909
2362 6699 1287448952
2362 11541 1296969436
4272 4272 1267699905
4363 5536 1272577780
2245 4491 1268111691
4384 3544 1280648559
4384 10871 1289954604
4384 11682 1293903403
4401 4669 1268987564
4401 4741 1269028916
4401 14433 1302949329
4405 4415 1267867741
4405 15837 1309474698
4415 9310 1294299248
4415 14424 1302932301
4398 4481 1268095935
4398 13726 1301018222
4437 11556 1292360807
4437 4437 1302338023
4437 14945 1304870093
4466 4732 1268975639
4466 4466 1283811650
4426 8914 1283305625
3029 12357 1302644400
4003 12875 1298588495
4494 11980 1294051757
4494 11056 1298733327
4503 3172 1268175697
4503 4503 1268342340
4218 6926 1277669000
4507 4507 1268269143
4507 10049 1287090991
4542 7416 1278591784
4542 9355 1284950832
4542 4542 1307520393
4542 15897 1308570838
4537 4537 1268526303
2610 5789 1273699753
2610 7728 1279821792
2610 11163 1291064601
2610 12090 1294519820
2610 8646 1302115591
4553 7386 1278551295
4553 7534 1279046832
4553 10887 1290034924
4544 15749 1307978449
4568 4017 1269040244
4568 4831 1269404724
4568 5484 1278628664
4568 11736 1292908096
4568 11855 1293496179
4568 12050 1294315593
4606 692 1274632597
4477 6902 1276964730
4621 4621 1291212962
4621 2783 1278644690
4621 12386 1301195338
4614 10333 1291844668
4614 11557 1292345142
4614 5619 1309639455
4637 4650 1268678213
4649 12310 1298475534
4649 6574 1300337304
4649 10086 1308907054
4659 6330 1274911867
4669 4734 1268987406
4672 4672 1271905040
4672 15673 1307836357
4682 5980 1273618563
4677 4741 1269026650
4685 15073 1305287490
4685 14328 1305961046
4673 2783 1278643696
4698 5484 1278298852
4698 10659 1289243128
4710 5830 1273083878
4676 12952 1298531203
4714 4725 1268965344
4714 5219 1270728673
4757 9041 1283789322
4757 11847 1299446650
4757 7725 1303143162
4758 13714 1300445125
4763 5107 1305757314
2171 4797 1269241142
4783 4904 1269543111
4794 6310 1299270992
4794 13790 1300747784
4794 13826 1301075907
4799 3928 1269278085
3928 4922 1281628430
3928 7817 1282497373
3928 9404 1294961765
4716 8180 1281045973
4716 5395 1281464599
4716 33841 1299276820
4423 5644 1272339561
4423 5883 1278131408
4423 10031 1287039961
4821 2464 1272736599
4821 5775 1272898896
4517 4517 1271636269
4261 4833 1269407854
4261 5363 1271295967
4261 6442 1278724991
4853 4806 1269455997
4626 5165 1270559922
3569 730 1298818246
4891 10696 1300775834
4890 13765 1300691513
4890 16025 1309139674
4890 7442 1309139769
4890 8982 1309730929
4890 14579 1310190689
4893 4896 1269518912
4863 8644 1282288271
4863 9669 1295461885
4854 8864 1283175149
4854 9730 1286010687
4934 4925 1269639165
4925 6572 1275784629
4925 16050 1309269677
4949 11537 1292279901
4963 757 1269763207
4965 16147 1309756705
4972 3926 1269876227
5484 8286 1281401609
5036 5036 1270007639
4990 5683 1275387214
3926 11028 1290561925
5000 4490 1270004128
5000 5338 1271209725
5000 5498 1271806650
5001 7494 1288151095
5005 5005 1269916646
5005 3102 1270196962
5045 7935 1280367043
4994 7845 1281050027
5044 5154 1270532129
5082 5082 1270512970
5082 6165 1274241137
5082 8157 1281593859
3102 5170 1270584895
3102 6334 1275371783
4678 6270 1274713034
4678 6872 1283177389
4678 10779 1290905855
4678 12088 1294510597
4745 4367 1273794413
4745 9313 1288248597
4745 10698 1289429979
4745 10862 1290108915
5108 5121 1270374371
5100 2802 1270336734
5100 7534 1293404588
5100 11286 1303598607
2802 15122 1305481942
4971 6668 1278884198
5144 5090 1270521029
5144 8684 1298544019
5153 5153 1296032313
5153 14639 1309222360
3886 7175 1277836554
3886 7056 1279055394
1474 5651 1272399096
1474 7360 1289896900
1474 36720 1291533194
5124 6430 1289922193
5124 10610 1289933938
5124 13746 1300530037
5196 7608 1281548011
5197 5273 1287806462
5197 5464 1272106377
5200 6726 1278965560
5200 7575 1279080377
5217 9245 1284638102
5231 5365 1271521977
5231 5678 1277777171
5223 5223 1288012454
5260 5275 1270942781
5069 11897 1297395622
5069 7150 1306623210
4778 8550 1282070420
5267 5597 1272424348
5267 5744 1272956440
5267 9558 1280907446
5267 15056 1307595076
5267 16114 1309548866
5268 6524 1275543908
5279 12610 1300602366
5273 6960 1278107863
5273 9246 1299982040
5282 5357 1275239309
5282 7056 1279056079
5281 5651 1272356959
5313 5319 1271126814
5316 5394 1271376145
5316 5344 1271383353
5316 5555 1272002429
5323 13215 1305843583
5312 8670 1282378630
5339 12484 1309493757
5363 8675 1282397219
5363 8592 1282674700
5373 11299 1291447056
10696 6031 1274476342
10696 3680 1298505083
10696 9003 1299825533
10696 13707 1302737170
10696 12390 1310514864
5344 7228 1278966514
5407 10218 1287644307
5274 9463 1289735841
5274 13756 1303878233
179 179 1289910068
5419 5419 1271549371
5419 8770 1282729363
5431 7283 1278123241
3849 6779 1276795574
3849 6485 1279924926
3849 7870 1279935623
5378 40739 1271625839
5378 5674 1272551090
5378 9005 1283600065
5378 10032 1287209702
5378 7631 1287089947
3664 5462 1271718932
3664 5516 1277782072
3664 10007 1289977211
3664 13336 1299041557
3664 15541 1307052516
5469 5286 1271728453
5286 12208 1295027324
5486 5633 1272328376
5498 692 1273508790
5498 7515 1278949727
5499 5314 1271922064
5542 6147 1274213432
5542 6159 1274221413
5542 6898 1279732287
5542 9558 1280850165
5544 6998 1282699017
5523 5523 1271984503
5555 5652 1272352828
5555 5976 1273426330
2310 13070 1298165593
5566 5551 1272008151
5572 8733 1292741074
5583 5761 1272782180
5583 7302 1278209232
5583 30395 1294632769
5611 10711 1289374433
5609 5751 1273058521
5609 9689 1285896246
5609 4167 1286374041
5633 5639 1272332905
5601 8457 1281784853
5601 5601 1281846821
5601 10827 1289731927
5646 5653 1272362579
5654 5637 1272367698
5585 5768 1290989514
5585 15056 1305314602
5640 5789 1273636569
5675 5674 1272427386
5526 6821 1276638479
5678 7759 1294387391
3945 11682 1299278362
5700 11297 1291438577
5700 7247 1296356135
4101 12198 1296789243
5709 8886 1283262522
5715 7518 1283876940
5731 12596 1296340270
5744 7108 1287274741
5744 4234 1298190696
1894 6515 1281562581
5751 10946 1290298593
5751 10779 1290822376
5761 6904 1276928143
5761 5761 1277176654
5761 7257 1278192851
5761 7348 1278385205
5768 5768 1291402068
5775 6270 1274669134
5775 9710 1285965912
5775 13855 1300921131
5789 7814 1280207942
5789 14976 1304986865
5794 7424 1280432836
5802 5807 1272951245
5802 7391 1278532162
5827 5825 1273017361
5823 7424 1278684970
36285 36285 1306310891
36285 3642 1307496554
36285 15630 1308278710
5830 6571 1275782201
5830 6576 1275805694
5860 14155 1303546601
1243 1243 1279260989
5901 5901 1298077379
5901 13075 1298097606
4555 8403 1281955586
5360 6524 1275630643
4701 10673 1301963246
17988 13831 1301025343
17988 15967 1308889421
5938 6992 1298705215
5945 5950 1273282803
5945 7227 1277974960
5960 5934 1273343293
5965 5883 1278665004
5965 2568 1278868186
5965 9402 1285096083
5924 15589 1307229307
5613 14230 1302411802
692 5986 1273461222
692 5736 1273550577
692 6111 1273965290
692 10118 1287325197
5998 12208 1300989789
5998 13969 1302653328
5993 5766 1273523675
5736 5548 1273557905
5548 6089 1273870904
6030 11562 1292448651
6030 14510 1304816698
6032 15762 1308053897
6032 15785 1308150033
6031 6126 1274056712
6031 6040 1275151423
6031 12337 1297069911
5724 12295 1295410836
6040 8065 1282093178
6066 10639 1295643997
6082 6082 1275596480
6089 1150 1276099207
6089 8779 1286723327
6089 7576 1287009093
4282 4282 1273866962
6099 6107 1273950961
3213 5988 1273935387
6104 8610 1282209105
6107 6515 1281485091
6107 10934 1290147773
6107 10475 1291156299
2503 7903 1280106179
2503 7899 1280208307
2503 7931 1280264124
3848 15152 1305599165
3848 15175 1305671251
6149 5516 1274196736
5516 8736 1285111349
5516 12543 1296185504
5516 2234 1303424049
6167 6166 1274243745
19949 6499 1286140182
19949 14969 1308718298
6206 12027 1308513544
6209 6555 1275711589
5428 11259 1305016947
6235 6223 1274491446
6223 477 1288788176
6248 152 1275077134
6249 9853 1286530553
6259 12987 1297799244
6266 6563 1275714938
6270 6590 1276034640
6277 6517 1275617934
3810 3810 1277497204
3810 6908 1277509244
6141 6141 1274746032
6290 4571 1274749805
6255 6590 1275984445
6324 5977 1274903402
6327 6326 1274895706
6334 8012 1280416352
6339 7489 1279374463
6342 6702 1307445834
6343 6369 1275046618
6349 6831 1276682434
6349 7254 1278065637
152 13062 1298063165
6366 6388 1275076275
6381 6320 1275064179
6320 1720 1275713922
6389 15877 1308745451
6418 6398 1275159649
6398 6459 1275361325
5357 5883 1276474854
6433 6475 1275424397
6438 4167 1275268111
4167 12274 1295321677
6441 6435 1275276665
5239 3075 1291684165
6460 7086 1277688891
6460 7591 1279351453
6460 9858 1299908580
6460 15125 1305921746
6466 6619 1275941855
6466 13059 1299170962
6476 6483 1275443343
6484 6655 1276027684
6485 6750 1276382955
6485 7674 1279751301
6495 9316 1284785105
6503 7489 1279305388
6503 10774 1289645273
6503 47274 1295294333
6515 8410 1281691998
6522 6590 1275972643
5656 12383 1298767537
5656 8966 1309273070
6550 4608 1276924216
6550 10096 1287243073
6549 6557 1275702981
6555 6401 1275708794
6555 12192 1294914799
6401 6382 1275783786
6401 6694 1276131266
6401 6941 1278094560
6401 7168 1278471559
2602 9335 1284850768
6576 6576 1275840907
6577 9666 1285858045
6430 7531 1279127504
6430 7756 1279599002
6430 6430 1301543798
6619 6619 1276324502
6210 6634 1275939099
6627 6691 1276573916
6627 7047 1277384546
6627 7742 1280788409
6627 15752 1307994861
6594 7776 1283202889
6594 8739 1285617502
6646 13238 1298859883
6646 14105 1306745517
6646 15565 1307165804
6673 7685 1280483069
6701 7776 1282751913
6701 12532 1296161370
6701 13834 1300982814
9502 10931 1290133882
9502 13634 1300163694
3441 7589 1279092180
6214 6214 1308893020
6214 10926 1291603488
5482 5482 1298511917
6714 6714 1276289164
6742 6742 1290528682
4526 9471 1304082916
4526 8208 1304127759
4526 14515 1304445231
6751 8188 1281054688
6751 3896 1281736828
6757 6757 1282884745
6769 9588 1285900316
6769 9355 1286404344
6769 9834 1286424846
6769 6769 1306131925
6750 6778 1276433257
6750 6863 1276797800
6776 10478 1288609560
6776 9068 1298386266
6776 13311 1298969822
6243 10811 1297981946
3332 10946 1304764331
5883 7086 1277584104
5883 6886 1278695128
5610 6926 1277686258
5610 13062 1298063737
6645 6645 1276562713
2416 8393 1281577749
6779 13379 1299152303
2525 14662 1303750820
6768 7767 1282763145
6768 13508 1299651408
6768 3680 1307940119
30395 10217 1294631094
6847 6847 1276732456
6872 13856 1301201177
6882 1669 1298595278
6903 6906 1276932963
6904 7053 1277882749
6904 7687 1279437952
6904 7247 1279555914
6886 5790 1279569074
6886 7755 1279590180
6886 12776 1297058547
6926 7081 1277683255
6926 2791 1278963576
66825 66825 1304946506
6649 6942 1277134544
6649 10073 1288279750
6854 5790 1277140831
6854 8567 1283154491
5790 9107 1284065354
2883 7081 1277526580
2883 2592 1279888489
2883 7903 1280108153
6923 7909 1280809135
6966 6975 1277312010
6966 7056 1277411448
6985 7386 1280870884
6992 7177 1277859425
3988 7772 1289613804
6998 7033 1277421981
6998 4373 1285363590
6998 9566 1285662923
6998 10045 1287040518
7005 4164 1279715914
7012 7058 1277412835
6892 7036 1277353028
7015 14157 1302059019
7023 4954 1281044576
6137 11394 1298968801
6137 6137 1299215082
3193 10280 1290175154
7048 685 1277385248
7048 7092 1277537962
7048 8462 1281757621
7048 8309 1281801809
7048 8649 1286439020
7028 6853 1284678374
7053 7142 1277763417
7056 7534 1279055761
7057 8638 1282284557
1606 7738 1280425284
1606 8814 1283400404
1606 8977 1284635747
1606 16046 1309498288
7071 7049 1277440034
7049 7200 1278005625
7049 8030 1280461234
7043 7647 1292059159
7086 7117 1277650903
7086 1907 1277722208
7086 2663 1277766248
7086 7792 1280319557
7081 7106 1277613177
7081 7158 1277790958
7081 7246 1278009876
7092 6994 1280553466
7092 13070 1308711894
7089 4112 1295054826
7089 7089 1297324122
7016 3981 1278607198
7103 15191 1305746078
7107 8838 1282978096
7107 8847 1283020386
7107 8978 1283677039
7101 7129 1277711133
4391 7112 1277630509
4391 8457 1281759098
4391 8531 1281998132
7133 14286 1302669886
7094 7094 1277759019
7094 7171 1277827800
7094 7176 1277846055
7154 6842 1285687931
7154 4137 1290433168
7154 11036 1290555685
7154 11280 1291378466
7154 13938 1301297555
6789 7139 1277792267
6789 7150 1280783438
7139 15214 1310248360
6670 10703 1289367017
7174 7110 1277835796
7110 7110 1291613635
7177 8702 1282597564
7177 11025 1306241705
7165 8424 1281657115
7165 8131 1288423685
7165 11009 1291033352
7205 7072 1277981992
7222 15455 1307283235
7228 7077 1308569051
7228 15901 1308597940
7228 15673 1308969517
7228 14493 1309057414
7231 7229 1277982583
7035 7538 1287726108
7248 7238 1278437776
7248 7765 1279637796
7248 8978 1283538066
7248 13015 1297897289
7239 7239 1278551063
7266 7218 1278070889
7218 7377 1278477146
7269 5577 1278283768
7269 7537 1279038040
7263 9550 1285625513
7257 4392 1278448042
7262 7325 1279325446
7285 4046 1279542638
3428 7203 1278186202
7302 16033 1309213985
7302 12481 1310143965
7302 16114 1310156466
7288 15028 1305596361
50854 13385 1304987411
7320 6922 1278335618
7320 7625 1279173968
7328 7150 1278363807
4164 8069 1280616165
4164 2183 1280796543
4164 11082 1290725742
7150 7986 1280362725
7150 13694 1305600318
4842 448 1278494448
4842 5896 1306340327
4842 15347 1306351334
4842 15700 1307735095
7360 7360 1278444788
7399 6822 1297659883
7399 2234 1299741448
7399 15692 1307685944
7399 15606 1309671527
7399 16361 1310533004
7386 730 1278720099
7402 7401 1278554904
3981 7170 1278621913
3981 3981 1278695005
7170 1667 1283064316
7422 7422 1278626688
7330 6715 1278865052
7434 14639 1303723417
7383 7383 1278646700
7258 7477 1278740972
7424 7424 1279222538
7424 6749 1280424853
7456 8131 1297899635
7461 7467 1278712872
730 7767 1282753710
730 11449 1291994649
6702 11052 1290596745
6702 9019 1307423874
7482 8488 1283106617
7482 12004 1300430416
7499 10763 1290275317
7492 7492 1278923875
4046 8068 1281039114
4046 13559 1299878748
7512 7510 1278983998
7520 3027 1278988283
7126 7527 1278982711
3027 8761 1282699075
7531 7756 1279598527
7534 11167 1292102085
7534 11819 1293315536
7538 7538 1286056124
47274 12264 1295295724
7591 9401 1286614119
7591 9858 1288381563
7608 7956 1281548548
3484 8842 1299334574
7632 8596 1282171259
7632 8977 1284630583
5480 8606 1282197523
5480 8688 1282463517
7021 4760 1290412430
7021 15017 1307407879
7647 7683 1279340607
7614 5107 1304639373
7641 6300 1279260996
7641 8056 1280543350
7653 7653 1279304707
7644 7489 1279303955
7489 7489 1279343966
7672 7672 1280831120
7672 4954 1281139139
7673 13488 1300122848
7695 7646 1279584718
7695 3512 1279387383
7646 9652 1288661711
7687 12138 1294703026
7721 12129 1298897680
7721 6005 1301886276
7721 15464 1306786648
7727 7726 1279510858
7726 11332 1298413004
7739 7742 1279559616
1816 7686 1279549310
7742 7595 1279586271
7742 8130 1280898073
7738 6749 1280353781
7756 8070 1280661115
7756 10083 1287182883
7759 7803 1279756212
7759 9054 1283821271
7762 12129 1294664215
7780 8208 1303738484
7780 14175 1305488756
7780 11670 1305665622
1540 8560 1282110536
1540 6526 1301451770
1540 14566 1303357573
7792 7890 1280126672
7692 2592 1279897610
7692 8075 1281477152
2592 7861 1279899958
7801 9245 1285602578
7821 7817 1279798517
7834 9310 1284777492
7834 8789 1286233562
7845 8228 1281211782
7845 9284 1284700679
7699 8977 1286529812
7842 7842 1300426068
7335 9547 1285805065
7875 7875 1280118420
7891 7890 1280059597
4463 8788 1282804275
4463 16048 1309603122
7895 9588 1292244962
7895 14515 1306038634
7914 12793 1308180480
7911 7929 1280214534
7931 7878 1280250584
7878 8324 1281475633
7935 11682 1295459051
7956 7956 1280386931
7956 8598 1282177862
7993 7428 1280372851
7626 10867 1309325819
7990 16438 1308613249
8015 8275 1283105003
8004 12947 1297592133
8019 10043 1287082372
8019 12088 1306705704
8019 14840 1306795209
8041 15396 1306482615
8049 11771 1293062785
8049 15159 1305658411
6278 14806 1305322638
9558 36466 1280830123
3544 14574 1304852590
3544 7448 1304917980
3544 37021 1304952005
8092 8112 1280808178
7872 7872 1281398847
8047 39719 1283625326
8047 11640 1292871006
8047 9024 1297980001
36466 9850 1287288948
36466 9124 1304630986
8121 8842 1283004081
7421 9342 1285903902
25726 8133 1280904887
25726 13948 1301274229
8133 9717 1286170565
8133 10671 1289266225
8133 11244 1293094762
8152 10206 1291326632
8154 8154 1280965570
8168 11186 1291160161
7829 7829 1281029949
7829 15218 1305817916
7651 8178 1281045116
8178 8184 1281046698
8178 8178 1281068255
8197 8183 1281065870
8183 8196 1281066201
8183 8721 1304049773
8183 12782 1309207162
8183 9114 1309484565
8196 13396 1299290848
8153 8215 1281138084
8153 8217 1281143962
8153 8074 1281302257
8216 14639 1304725482
8224 5837 1284531653
8224 15455 1307240603
7983 7983 1282391675
5450 10946 1302935550
8234 8214 1281272919
8239 8347 1281522355
8239 8509 1282178535
8239 9093 1284077201
8250 12989 1299626548
8250 13799 1300818372
8250 15840 1308342072
8253 8274 1281391164
7932 7932 1284163358
7932 9767 1286161297
7932 8720 1291499220
8275 9006 1283597611
8294 10223 1287656907
8324 8324 1282340094
8324 11113 1292168339
8333 7276 1281482316
8368 8361 1281513991
8381 12841 1297265943
8381 12409 1297320687
8381 12669 1297901396
8381 13530 1300846967
6518 10516 1288736097
6518 6121 1298664354
6518 13242 1298681820
43085 14405 1302887696
43085 14943 1304862807
8391 8969 1283477298
8410 4106 1287036605
5793 8062 1281630160
5793 15775 1308802437
8417 8460 1281756196
5734 10837 1298344218
8434 8436 1281684148
8434 10251 1291367742
8434 10673 1297752567
8432 8523 1281963120
8432 4106 1287098278
8431 8399 1281704220
5593 8519 1282090709
5593 8567 1282114502
5593 10577 1288943151
8447 8447 1282157610
8457 8962 1283449405
8353 11332 1303262642
8460 8460 1282088124
8479 8550 1282071742
8358 3075 1288420986
8358 7341 1300151151
7747 8187 1281938047
7747 7991 1283078471
4047 8675 1282743579
4047 1783 1291150849
4047 5048 1298322672
8394 7923 1281920888
7923 8567 1283153933
8257 12806 1303109817
8528 8538 1282017326
8528 7561 1284505678
8528 8923 1284569855
8528 9419 1285426005
8519 7777 1282092370
8565 8614 1282218299
8567 8636 1282641408
8579 8585 1282153012
8131 9904 1286658379
8131 7631 1287117225
8131 7979 1290579200
8131 13566 1299832557
8601 8599 1282184984
8599 8602 1282185473
8602 8616 1282242575
8602 7736 1282264926
8602 8682 1282440305
8547 3462 1303109600
8604 12395 1295738755
8594 9292 1284735444
8594 11846 1293503320
8594 12998 1297826894
8594 14159 1302104196
8628 10995 1290380868
8636 9785 1286243820
845 7504 1289777861
8642 8642 1282431953
8670 3288 1282444167
8670 5550 1299108062
8670 12981 1302288454
8675 8646 1282485106
8675 6783 1282687521
8694 8712 1282531501
8128 8720 1282555637
8739 9221 1284488989
8739 8739 1284592845
8761 7533 1282689781
1667 8193 1283423728
7868 8867 1283122181
7868 10001 1297212638
7868 14305 1302638565
7868 2234 1303418038
7868 13628 1304509259
1556 1556 1303256036
8788 8744 1284388293
8789 12178 1306906856
8721 14548 1304788018
8802 8905 1283270379
8811 12956 1297630740
8811 11394 1297636285
8811 15756 1308411112
8811 14514 1309291759
8814 8952 1283402570
8814 13530 1309478562
8824 13856 1301087931
7443 12668 1308874108
8838 8515 1284605172
8842 9926 1286751947
8857 14081 1301805419
8857 14371 1303158917
8857 13566 1308105233
8736 7790 1285167205
8875 8850 1283320498
8882 8885 1283191689
8886 9504 1285408581
8886 9522 1285501552
8906 8906 1287719492
8906 10275 1287851294
8906 10405 1288362953
8908 8354 1283584945
8914 10580 1290086601
8916 8916 1283306910
8850 9017 1284076955
8933 8933 1283362723
8933 9161 1284239015
8354 8354 1283596357
8940 8952 1283405733
8955 15411 1310293212
8887 39719 1283445048
8887 8982 1283536942
39719 6570 1285255755
5295 9057 1288486466
4106 9535 1287284404
8977 8307 1284201246
8977 9699 1285918883
8978 8978 1283569742
8987 8984 1283550461
8994 9313 1284782061
9002 9008 1283613381
8981 9588 1285911764
8995 8995 1283741765
9014 16080 1309361996
9028 2660 1283786090
2660 14918 1304797865
9046 14809 1304307805
1673 5958 1283803269
9068 9455 1285327893
9068 7631 1285688191
9068 10481 1289511982
9068 10578 1289570337
9093 9211 1306516188
39082 13357 1309273410
9102 13431 1300350327
9102 14730 1304018928
9017 15545 1307072920
9124 11632 1303501589
9126 9123 1284098125
9139 9149 1284189216
9139 14661 1303749106
4903 11244 1291289453
4903 11771 1300945349
4903 12547 1304878665
9155 2234 1284201229
2234 13694 1304233819
36814 11329 1291611044
9161 44739 1287248486
9161 9161 1301176947
9172 9202 1284397695
33841 10849 1303264259
6570 11556 1292359399
9220 9223 1284493854
8590 8590 1284505334
8590 9395 1285095318
9114 11255 1291320055
9199 9245 1285558133
9232 9232 1292473374
9044 7979 1285607352
9044 8574 1287059222
9246 9927 1290105542
9246 11100 1292637387
9246 11651 1292647553
9245 9245 1294436416
9245 9419 1285346325
9237 9338 1284853068
9286 9694 1285905936
9300 11002 1291010511
9300 13238 1300893611
9300 14700 1303920624
9305 14213 1302248702
9305 13475 1304687727
9310 12363 1295578393
9310 13359 1299123680
9313 9468 1285285988
9313 3680 1287641474
9313 10219 1287645429
9316 39663 1307490567
8737 9850 1300354474
8737 13820 1300851892
8737 6791 1300920442
8737 13843 1300939140
9301 9266 1284805057
9332 15484 1308057448
9253 10850 1290006839
9335 9338 1284855051
9335 15325 1306862162
9335 15756 1308005704
9347 10943 1296645374
9347 9552 1298080796
9354 9372 1284971697
9355 9518 1285514490
9355 9679 1285892255
9355 9838 1286400209
3655 9369 1284961668
9390 13061 1298189679
9379 8870 1288900896
3447 8894 1285052325
9404 10744 1296105723
9404 14763 1304051639
9386 5873 1298251835
9386 13467 1299830405
9386 15027 1305152629
9429 9427 1285135200
9429 10524 1288949724
9429 10698 1289406394
9431 9721 1285985878
9302 9302 1285187402
9462 9459 1285244781
9459 9527 1285536277
9468 9470 1285273581
9468 13552 1303146488
9455 4165 1292015700
9486 10435 1288870746
9486 14121 1302184516
9491 9498 1285374809
9498 9839 1286408569
9498 9885 1286580684
9498 9934 1286790820
9498 37691 1288572131
3680 12484 1297463031
7412 9538 1285592760
7412 9720 1285994179
7412 10639 1289173929
9523 9523 1285678023
9518 9526 1285535624
9518 9535 1285639755
9518 9646 1285817873
9542 9621 1285793101
9542 9855 1286449255
9552 9942 1288449512
9552 13439 1299389291
8363 7987 1295309469
9569 9625 1285798135
9586 9621 1285787883
9586 9586 1285951722
8974 14566 1303382227
9547 10461 1297836250
9547 44243 1307340239
9652 5287 1287144646
9652 10853 1289884607
9652 10583 1294620031
9668 10053 1287098146
9684 14354 1308884706
9588 9588 1287182620
9714 13618 1300051327
9714 12518 1301848922
9714 12088 1301855186
4019 9732 1286016601
2763 9737 1286043755
2763 5287 1287018820
2763 10446 1303785558
2763 15433 1306681934
9624 9624 1286051891
9762 10217 1289280135
9769 12835 1297231609
7540 9525 1286233115
9792 9798 1286261863
9776 5738 1299170423
9810 9807 1286318006
9818 9835 1286392631
9471 11216 1291227425
9471 13827 1303139112
9836 9836 1286407937
9850 9850 1303454091
9094 10977 1290299203
9823 9869 1286486033
9878 9878 1290635040
9024 10258 1287788396
9899 12047 1294296372
9401 9401 1286933225
9401 9942 1287236248
9401 12660 1304845040
9904 2331 1286649688
9904 9544 1286649894
9904 9909 1286657166
9926 9968 1286880671
9932 9680 1299218892
9712 9951 1286835277
9942 10071 1287153441
9942 15392 1307991759
9944 10035 1288684672
9944 11423 1292235828
9944 9944 1305999646
9944 14466 1305837975
9952 9913 1286837398
6588 7611 1288240478
7576 12450 1295926330
11705 11705 1286926688
11705 14342 1302716681
5287 10043 1287039201
5287 10872 1289954831
5287 49924 1298854820
3462 10774 1299991718
9962 10324 1288168539
9962 13097 1298197251
10050 10052 1287060892
10050 10053 1287062504
10032 10075 1287128341
10073 10241 1287710551
10073 10284 1287968110
10075 15661 1307781835
9667 10097 1287247813
10106 7837 1287288735
10106 6527 1287810349
10112 10104 1287295483
10035 15545 1307072101
10035 9497 1308469284
9458 12234 1297883599
477 13863 1301055496
477 13983 1302818193
10118 10124 1287342393
10121 10123 1287339685
10123 10870 1289958922
10123 12021 1297858311
37691 10650 1289208711
37691 10944 1290164078
37691 11053 1290615703
10128 10128 1288324179
10137 10475 1288667111
7341 10181 1287530872
7341 9581 1291600064
10155 10193 1287582888
10189 10386 1288250687
10206 12376 1295606039
10206 4129 1295614480
10217 10679 1289277061
10217 11147 1291004470
10217 15147 1305573931
10221 7494 1287701361
10234 9779 1287743211
10234 10267 1287812836
10234 14827 1304308208
3409 3409 1287951043
5896 11837 1293438015
5896 13244 1301860701
9779 10258 1287810192
10247 10203 1287757868
10203 10203 1292770894
9858 13381 1299942680
9858 11417 1304416699
6527 14806 1306779214
10269 10269 1287978714
9842 7448 1310076182
10280 10280 1288601592
10280 10495 1288666419
10204 13520 1299676445
10350 10946 1300938575
10313 10454 1288493830
10317 10343 1288125498
10327 10954 1290200264
10330 12573 1296610806
10330 15830 1308284422
9057 37021 1298467383
10365 13353 1299082208
10365 10365 1301840674
10381 10381 1288329085
1574 15293 1306205881
10453 10402 1288489785
10454 10670 1299395405
10458 13279 1299153816
10461 10461 1288656956
9015 14094 1309751038
10475 11498 1292121879
10475 11670 1292732189
10475 12306 1295475605
10511 10446 1288726486
10446 10527 1288756614
10446 14442 1302982751
10446 15640 1307534982
8784 13378 1299153004
10537 10537 1288910842
10537 10758 1297213992
10549 10555 1288862837
10539 10539 1288903640
10570 11964 1307159178
5115 10611 1289071724
10614 10609 1289084142
10614 10706 1289351071
8419 16143 1310469207
10583 10583 1292315468
10583 11368 1291703853
10231 11301 1291459590
10231 7409 1292438320
10231 13175 1298518902
6793 9793 1292337605
10707 14447 1291509850
9003 9003 1299601385
10718 15499 1306884727
10744 11439 1293775166
10744 12010 1294203040
10744 10928 1298079633
5873 11601 1292469984
5873 5873 1292543881
10745 10799 1289652536
10745 10578 1290108949
4760 11015 1290478853
10610 10952 1290294547
10774 13543 1299750337
10774 13533 1299837794
10774 10774 1301715689
10775 7504 1289621339
10775 10918 1290069487
10775 10928 1290113102
10775 10931 1290126894
10775 5495 1291239484
7504 10800 1289638300
7504 8162 1289738991
10773 10773 1290343861
10773 8452 1291538412
10773 12759 1296999724
8452 11307 1291474094
8452 14702 1306614381
10728 10728 1289616065
10811 10809 1289685149
10811 12681 1296687252
10811 12875 1297366504
10814 4137 1289707823
4137 10812 1289736054
4137 10579 1290477725
4137 11249 1291304138
4137 11506 1292777305
10779 15388 1309652734
10820 14771 1304789556
10820 10820 1305075099
10820 13127 1306204222
10749 14576 1303397811
8162 10861 1289914005
10849 10844 1289873017
10849 12374 1295926752
10844 10844 1289944612
10858 12088 1299531408
10858 10858 1299557112
10862 11002 1290412987
10876 10917 1290083045
10876 10933 1290141209
10857 10887 1290042916
10887 10918 1290066989
10541 12690 1296705601
10541 1992 1297583643
10918 14321 1302669913
10931 10931 1290137632
10792 11191 1291136457
10946 12653 1299065389
10946 12629 1299103776
10951 10951 1290262602
10945 11268 1291354864
10945 11322 1291562000
10987 11552 1296490059
11002 15197 1305756497
11011 11258 1291326737
11011 15494 1306872105
11011 15504 1306898483
11009 13290 1298884150
11030 11030 1291331771
11028 10111 1290711644
11058 14286 1302669456
10867 13147 1298363552
10867 14255 1302489827
10867 15265 1305975102
10111 12998 1298095903
8084 11116 1290927804
11131 11131 1291191312
11163 11163 1291132632
11172 11177 1291092274
11178 2114 1299965779
11192 11847 1299687142
11220 13437 1299415373
11230 11230 1291315236
10920 11360 1291688087
11146 16143 1310262999
11266 11804 1293219754
11266 14439 1302971955
11266 13462 1303143076
11266 8382 1306971607
11266 16031 1309194323
11286 11332 1297378839
11286 12337 1299750601
11291 7352 1302288597
11300 14447 1298031614
11300 12547 1300903070
14447 13238 1299934305
14447 14969 1306647435
36720 13000 1302311028
11317 11317 1297170520
11361 12409 1296660637
11361 14039 1301621382
11361 15828 1309340684
11390 4700 1291775334
11394 7718 1296178390
11394 12466 1300734444
11484 11484 1299890744
11498 11522 1292182704
11535 14869 1304488555
11538 11538 1292289044
11552 12249 1296198009
11552 12734 1296888652
11556 10663 1292320664
10705 14039 1302208935
14726 13832 1301444573
14726 14002 1301448101
7409 11575 1292401998
11554 9612 1294830519
11035 11035 1292443927
11588 11601 1292469356
11609 11332 1292543218
11618 11703 1292832058
11618 11618 1304973972
11618 15666 1307719851
11629 12965 1297669874
11332 13070 1298087489
11417 12706 1296866466
11417 2189 1299299487
11417 14572 1303562473
11417 15587 1310007831
2019 11630 1292571695
10001 13024 1297927442
3776 3776 1292801780
11721 10670 1296594179
5708 14167 1305119610
11745 15573 1307141962
11761 11730 1293006329
11730 11828 1293347758
11662 11764 1293017002
11763 11774 1293078404
11763 12896 1297397864
11763 13963 1301342716
11771 7303 1294450291
11771 11134 1294812814
11771 12726 1296846578
8508 12106 1301900231
11768 15666 1307578831
11796 10061 1293153023
11800 8941 1293175052
11262 15014 1306251802
11830 12132 1294675507
5792 5792 1293433599
11821 11838 1293405702
11846 10839 1308652161
11847 11847 1296947768
11850 15465 1306770675
11850 13168 1308130339
11853 11868 1293574730
11853 11918 1293760713
11853 11947 1293934757
8648 16360 1310427384
11542 13625 1300071742
11928 14092 1301995117
11682 12847 1298609420
11682 15270 1306005762
11854 10346 1293927560
11854 7303 1294490941
11947 11018 1293935689
11018 16114 1309547941
11985 11985 1294090218
11985 12581 1296268184
11974 11970 1294083332
11996 11897 1294121936
8932 12474 1295950646
8932 13856 1301965544
12032 12032 1294699341
37021 12226 1295059096
37021 13867 1300968637
12111 12111 1294572718
12138 12138 1294720619
12160 6121 1299952626
11608 6770 1296321286
12170 14200 1308310159
8855 12037 1294863500
5048 13607 1300397664
12146 12146 1294909226
12192 12295 1295409645
12605 12386 1300947027
12156 12194 1294940190
12156 12213 1295025949
12156 14022 1301504333
6121 6121 1299089213
12193 12930 1298067254
12204 5831 1296764297
12210 12208 1294992527
12213 12036 1295041191
11877 10316 1299403749
12187 12409 1298539860
7690 14053 1301616495
12252 10701 1296990112
12249 12650 1296536727
12260 12930 1297561485
12260 13250 1298714807
12260 13147 1298853029
12264 12396 1295689274
12264 12105 1298457755
12274 12277 1295341660
12337 12233 1295509077
12337 12723 1297095766
12337 12418 1297098541
12337 12751 1297117031
12362 15819 1308275275
12377 12380 1295629038
4129 5550 1295958305
12310 6761 1295617322
12310 13054 1298036140
12310 13600 1299985730
12310 10930 1301540584
12310 14354 1305174852
6761 12799 1297119510
5831 12660 1302906457
12366 12389 1295671077
12397 12309 1296104648
12410 12714 1296809456
12418 14102 1302398627
12390 12361 1295820325
12466 13906 1301092780
5550 5550 1296092422
11898 12487 1295991268
11046 12491 1296014601
12491 12491 1296017948
12498 12509 1296045785
12498 10670 1296061384
11059 12723 1297126263
12518 14878 1304532799
12520 12519 1296080912
9915 14082 1303155395
12532 12532 1296199067
11976 11976 1296154727
12489 12489 1296199998
12547 12879 1299545245
12610 13992 1301431698
12610 12961 1305608406
12610 15744 1307943014
12610 14037 1308414906
12610 16114 1309584884
12591 12591 1296376210
12606 12606 1299301006
12646 12643 1296528427
12643 12643 1298443241
12643 12774 1297147369
12643 8901 1300296962
12643 14574 1304879863
11632 12481 1296530230
12660 13670 1303170953
12660 15914 1308667666
12662 12662 1296577263
12573 14039 1301703119
12676 12679 1296651104
12198 12690 1296699291
12198 13154 1298450450
12198 10080 1300684783
12699 12041 1297966650
12706 9516 1309271804
12669 12737 1296885277
12710 12714 1296807600
12735 12734 1296873221
10701 13263 1298762504
12761 12840 1297308044
12763 12759 1296993795
12723 12693 1297253105
12823 12930 1297546163
12832 14013 1301734131
12832 13628 1301744232
12824 12860 1297317447
12847 14335 1302697829
12709 5107 1297456490
12877 12875 1297364820
12907 12929 1297543155
12907 13091 1298214784
5107 13025 1298347120
12844 12928 1297538326
12927 12937 1297565592
12927 12993 1297816136
12927 13569 1299941663
12930 13062 1298062674
12932 12931 1297554019
12981 13785 1302256455
12987 12986 1297794900
12976 14721 1304919980
13006 13038 1298013130
13015 13015 1297967074
13014 13014 1298356545
13014 13206 1298549342
36687 13050 1298005470
13050 13055 1298030358
13050 13109 1298247966
13008 13064 1298068560
13072 13085 1298145871
12996 12996 1298598170
13078 13078 1298991521
13061 13139 1298340560
13099 13099 1304868349
13099 13363 1304874895
12039 12039 1301193811
13119 12412 1301352362
13119 15396 1306993019
13119 15975 1308937024
13107 13107 1299368027
13139 13139 1302395673
13139 13707 1302715446
13059 11145 1308415607
13144 13145 1298344938
13133 12261 1298351324
12261 13962 1301359771
13150 13154 1298368670
13160 13158 1298394162
13189 13184 1298511854
13199 13121 1298518645
13223 13356 1299302739
13249 13247 1298693700
13263 13341 1299063465
13263 13625 1300521536
13263 14574 1304850006
12383 13486 1299636822
13151 13615 1300046481
12563 13307 1298958704
13278 13277 1298828784
13279 13279 1300196513
13343 15673 1307831926
13356 13840 1300851107
13356 14768 1304065654
13356 13356 1304444129
13356 13885 1304516907
11661 15283 1306097913
13402 13394 1299262000
13402 13441 1299406895
13420 10148 1299307792
13441 13536 1299729711
13441 13441 1305156121
13441 14901 1305151654
13441 15673 1307781790
10316 13881 1301024728
13447 13447 1299532023
13462 14624 1303614768
13466 3642 1301284869
12879 14124 1302118868
13480 13482 1299562746
13480 14969 1304985656
13481 14771 1304801929
13489 13488 1299569572
13547 5546 1300980534
13550 13550 1299827715
13552 16183 1309982692
13302 13721 1300408187
13302 12940 1301412397
13302 15242 1307118563
13168 14576 1303436635
13168 15600 1308440652
12722 13584 1299913644
12722 14456 1303033031
13400 13893 1301079598
13611 13608 1300013166
13625 13625 1301332005
13627 13607 1300074719
13607 15422 1306591936
10482 15696 1308080564
13663 13413 1300221330
13679 13673 1300264758
13673 14009 1301456767
13738 13737 1300461901
13742 13981 1309965956
13741 3642 1303098643
13751 13755 1300517371
13776 13773 1300651011
13776 13997 1301443252
13726 13816 1300785368
13816 5661 1307049969
13799 13824 1300819747
13838 10777 1300856325
12386 12386 1300987924
13691 13875 1300996512
13691 13877 1301004052
13691 13904 1301091650
13881 13890 1301025668
13913 13915 1301112330
13927 13331 1301185978
13331 15640 1307491122
13922 13922 1301300368
13835 14094 1301805419
13388 13785 1301266987
13948 14013 1301474959
13938 13951 1301282579
13938 13788 1301502828
3642 14371 1303140180
3642 14357 1304563522
9833 14720 1303935523
9833 9833 1303996919
13959 13960 1301336552
12412 16019 1309661786
10304 13984 1301406386
13000 13978 1301390998
13992 14119 1301938423
13992 11561 1302039999
13941 13941 1302438751
13941 7352 1302905543
14013 15283 1306114153
14049 13983 1301573427
14056 14053 1301601483
6698 6698 1302116354
14063 14063 1301634228
14054 15073 1305969745
14143 14494 1303603887
14148 14702 1307832676
14147 14157 1302059537
14161 14156 1302062541
14167 13506 1308846985
8776 13410 1308267460
8776 4033 1309961294
8776 16243 1309964310
14187 14241 1302462794
7352 14234 1302481877
14233 14233 1302554546
14230 14922 1304732434
14230 14917 1304732881
14230 14627 1308858996
14253 14114 1302484256
14114 15980 1308948439
14255 14260 1302517034
14322 14325 1302679523
14324 14712 1303910437
14324 14832 1304330382
14340 13506 1304765509
14127 14127 1302757212
12914 14378 1302791479
12914 14800 1304192231
14371 14476 1303126401
14379 14639 1304822709
14379 14913 1305147222
14362 15358 1306375967
14312 14485 1303169470
11281 14334 1302914806
11281 12044 1302997863
11281 15752 1309268453
11281 12425 1309340458
14436 14436 1305152600
14442 14437 1302975645
14494 14494 1303265287
13384 15597 1307402217
13684 15445 1306701904
14468 14464 1303086310
2026 13874 1303139980
7725 16282 1310035703
14481 14509 1303223076
14493 15882 1308967760
14493 15517 1308971732
9481 14561 1303347221
14510 15423 1306593704
14510 15411 1310297928
14517 14361 1304483258
14517 15462 1306764116
14526 14515 1303250918
14546 14541 1303311703
14107 16315 1310334286
14564 14840 1304639063
14566 14566 1303409127
14593 14711 1303894881
14175 14175 1303928884
14175 14639 1304283834
14624 14626 1303615442
14628 14993 1305666644
14632 14644 1303625799
14639 14800 1304192809
14664 14663 1303754311
9947 13975 1304695152
9947 9947 1309973294
14694 14579 1303927203
14694 14361 1304524973
14694 14840 1304638984
14694 9849 1306898011
14712 14417 1303919631
14716 14288 1303964473
13373 13373 1304211580
14753 6325 1304031209
14743 14361 1304483927
14763 14840 1306643513
11512 11870 1306949715
14788 15295 1306116745
14806 15438 1306672396
13694 13694 1305602050
14705 14816 1304279237
14832 39663 1307499263
5496 10646 1310256283
11259 14913 1305682115
11259 15706 1307754057
14865 14865 1304655194
14865 14939 1304829879
14689 12781 1304943437
14896 14098 1304635089
14840 15161 1305750307
14901 15021 1305148765
14901 15036 1305181357
14901 16113 1309543018
14913 13506 1304700857
14913 14940 1304909981
14916 15254 1305929961
14940 2197 1305066165
14958 15040 1305190329
14975 14971 1304986112
14971 14971 1305389993
13385 13385 1306447027
14807 15056 1305284461
15021 15021 1305994555
15028 15028 1305336868
15028 15641 1307491359
15031 15794 1308161651
15020 15020 1305230271
15020 9849 1306889011
15058 16395 1310522983
15073 15227 1305896081
15111 15118 1305461548
15112 15110 1305429950
15129 15388 1307589016
15133 15133 1305556452
15181 15181 1305775204
14708 32332 1306340395
15265 13736 1305990370
15274 15274 1306008389
15283 15283 1306200406
15311 16058 1309288089
15293 15727 1307845577
39663 9849 1306889665
15379 15427 1306690010
15404 15404 1307402883
15409 15324 1306696316
15324 15486 1306942624
15324 16034 1309204776
15837 15816 1308297706
15837 16367 1310463054
15331 15417 1306562820
15417 15700 1307732354
15440 15435 1306688049
15443 12135 1306698315
11870 11870 1306706956
15463 15479 1306817087
15484 13554 1307695409
9849 15794 1308259227
13562 15520 1306963581
8382 15756 1308244379
8382 15808 1308317349
15541 4315 1310491906
15544 15525 1307062146
15525 16113 1309564167
15575 15880 1308531732
15575 11272 1310046259
15455 15455 1307253631
15600 15625 1307421293
15600 15642 1307493016
15600 15600 1308700617
13410 13410 1307698398
15620 14910 1307405174
15017 16280 1310031692
15666 15900 1308600127
15688 15555 1307676153
15632 15887 1309881415
15735 15734 1307931212
15735 15802 1308192980
15735 16077 1309334844
10972 15696 1307925609
15708 15746 1307963074
15746 15750 1307979381
15752 15820 1308586717
15752 15914 1308668031
15615 15615 1308014901
15785 15798 1308173027
1043 15813 1308256895
15777 15777 1308296562
15841 15839 1308322192
15869 15863 1308448714
13602 15871 1308453728
15882 16103 1309474104
15411 15411 1308498368
15890 15890 1308535170
15743 15743 1308547672
15918 15918 1308755119
15931 15928 1308723110
15951 1981 1309376631
15626 16320 1310210919
16036 16033 1309206726
15429 15429 1309231625
16044 16044 1309277784
16064 16066 1309302931
12425 16120 1309595661
16023 16023 1309368018
16132 16287 1310056217
16203 16142 1309947930
16275 16260 1310014641
16325 16317 1310228583
16367 16373 1310462734
16386 16348 1310505489
14246 10986 1310516813
