12498 12509 1296045785
12520 12519 1296080912
9915 14082 1303155395
12676 12679 1296651104
12699 12041 1297966650
12706 9516 1309271804
12669 12737 1296885277
12735 12734 1296873221
12761 12840 1297308044
12763 12759 1296993795
12824 12860 1297317447
12844 12928 1297538326
12932 12931 1297554019
12976 14721 1304919980
13006 13038 1298013130
13008 13064 1298068560
13072 13085 1298145871
13059 11145 1308415607
13144 13145 1298344938
13150 13154 1298368670
13160 13158 1298394162
13189 13184 1298511854
13199 13121 1298518645
13249 13247 1298693700
12383 13486 1299636822
13151 13615 1300046481
12563 13307 1298958704
13278 13277 1298828784
13343 15673 1307831926
13402 13394 1299262000
13420 10148 1299307792
12879 14124 1302118868
13481 14771 1304801929
13552 16183 1309982692
13400 13893 1301079598
13611 13608 1300013166
13663 13413 1300221330
13738 13737 1300461901
13742 13981 1309965956
13751 13755 1300517371
13799 13824 1300819747
13838 10777 1300856325
13881 13890 1301025668
13913 13915 1301112330
13948 14013 1301474959
13959 13960 1301336552
12412 16019 1309661786
10304 13984 1301406386
14049 13983 1301573427
14148 14702 1307832676
14161 14156 1302062541
14187 14241 1302462794
14255 14260 1302517034
14322 14325 1302679523
14371 14476 1303126401
14362 15358 1306375967
14442 14437 1302975645
13384 15597 1307402217
13684 15445 1306701904
14468 14464 1303086310
2026 13874 1303139980
7725 16282 1310035703
14481 14509 1303223076
9481 14561 1303347221
14510 15423 1306593704
14517 15462 1306764116
14546 14541 1303311703
14107 16315 1310334286
14593 14711 1303894881
14628 14993 1305666644
14632 14644 1303625799
14664 14663 1303754311
14694 14579 1303927203
14716 14288 1303964473
14753 6325 1304031209
14788 15295 1306116745
14705 14816 1304279237
5496 10646 1310256283
14689 12781 1304943437
14896 14098 1304635089
14916 15254 1305929961
14940 2197 1305066165
14958 15040 1305190329
15031 15794 1308161651
15058 16395 1310522983
15111 15118 1305461548
15112 15110 1305429950
14708 32332 1306340395
15265 13736 1305990370
15311 16058 1309288089
15379 15427 1306690010
15440 15435 1306688049
15443 12135 1306698315
15463 15479 1306817087
13562 15520 1306963581
15541 4315 1310491906
15620 14910 1307405174
15688 15555 1307676153
15632 15887 1309881415
15785 15798 1308173027
1043 15813 1308256895
15841 15839 1308322192
15869 15863 1308448714
13602 15871 1308453728
15931 15928 1308723110
15951 1981 1309376631
15626 16320 1310210919
16036 16033 1309206726
16064 16066 1309302931
12425 16120 1309595661
16132 16287 1310056217
16203 16142 1309947930
16275 16260 1310014641
16325 16317 1310228583
16367 16373 1310462734
16386 16348 1310505489
14246 10986 1310516813
