28 378 1255614319
56 2988 1262635522
97 9582 1285711794
151 2869 1262061230
271 10458 1298128942
910 1057 1256614645
986 76 1256086857
182 1065 1256357637
436 1273 1276186219
423 648 1255894394
467 590 1255848878
550 1163 1256596361
538 562 1255831472
570 5483 1271932698
669 12090 1294475739
687 4747 1270177633
178 1733 1258096231
773 779 1256018652
109 1800 1258751830
836 860 1256120056
851 835 1256108542
873 878 1256137541
885 6854 1283030837
908 1326 1283118260
940 8824 1291240482
962 1170 1282955149
996 1494 1257417175
1007 16048 1309254412
825 1735 1263348534
1017 13197 1299321343
1027 11502 1292297282
5771 5395 1272803232
1086 7093 1280449821
1109 4682 1270611862
1054 3819 1265414001
1143 15387 1309133340
838 4199 1267026761
1158 5112 1270805588
801 771 1256589886
146 16336 1310271038
927 3885 1265613866
20584 1178 1256970590
1216 1258 1256783299
1182 5260 1270891072
644 14397 1302847212
1268 686 1256809753
1281 2320 1260132388
1328 12847 1297306943
874 5780 1272847875
1400 7626 1303617010
1403 4420 1267908852
1401 1308 1257243454
1120 1535 1260521586
1442 1471 1257364975
1445 7223 1277984932
1214 1519 1257468649
1528 2052 1264996094
1552 1546 1257544568
1555 3888 1272044223
1570 1577 1257594497
1594 6099 1275439681
1643 7200 1282436648
1649 6288 1274737566
936 2034 1259002541
932 3682 1265013115
1692 1714 1258050168
1020 12059 1294356723
1704 1074 1259287525
1743 5068 1280312080
1761 2322 1260046616
1779 1780 1258182499
1782 1983 1260499182
1791 3907 1266124261
1810 1796 1258281226
1811 7540 1286271501
1823 1879 1258544296
1837 3291 1272235493
1846 1591 1258421471
1865 1864 1258504685
1915 15474 1306795432
1928 1987 1258787038
1937 12292 1295378706
1948 1949 1258693508
10273 14559 1303514692
1970 8955 1283443822
2014 2711 1261286564
2023 10761 1289517873
2031 7325 1278538643
946 9292 1284788603
3214 5710 1276030397
1956 12531 1296114416
2096 4536 1268287942
2099 2102 1259297042
2111 2121 1259390831
2117 2657 1261105208
2122 6710 1278321211
1134 2446 1267138977
2165 5217 1274270403
2223 13967 1301351588
2312 11609 1292996764
1876 3565 1264579543
2259 448 1285884521
1530 7012 1277329232
2458 2447 1260407796
2474 2509 1260579637
2490 12500 1296090606
2231 2500 1260535946
2515 2541 1260694539
1681 12314 1295448096
96 4005 1297833736
2569 7573 1279167928
2714 16124 1309574682
2702 4837 1269472518
2737 3536 1267159529
4696 4317 1271731470
2873 2877 1262104994
2878 2872 1262106781
2923 3475 1274256114
2865 2935 1262404227
389 2974 1262647589
2991 3170 1266366729
3005 8075 1283127373
3023 14570 1303360490
3054 5705 1272636416
3061 14312 1302861324
2989 9981 1299083414
3092 7832 1279825045
3161 5660 1272804339
3205 14552 1307662097
3244 3287 1263619782
3246 4490 1270001554
3275 4338 1273987857
3268 13547 1299775521
3281 11581 1292808567
3118 6361 1275101678
1607 5217 1270862443
3293 4676 1271996475
3315 4067 1266494431
3314 3598 1264689260
3346 3361 1263855393
3369 14191 1302171954
3096 3675 1265424801
3427 1961 1264087925
3454 7685 1280465273
3458 3432 1264153669
3460 1537 1308613127
3492 3508 1264370611
3494 3762 1265249562
435 5288 1271007246
3547 5112 1272752150
3603 10007 1309110008
3613 3605 1264739509
3645 3671 1264988268
3579 10769 1291683413
3649 3843 1265509582
3826 1448 1298517347
3855 5279 1270977724
3857 5116 1270330081
3882 4389 1267778819
3899 4436 1267949543
2677 4994 1284496564
3898 4408 1298257513
3922 3967 1265991006
2555 4971 1273773532
3939 3940 1265886952
3952 2781 1284885779
2985 4058 1266460285
3977 6569 1297647840
3907 13981 1301995296
4000 76792 1266228070
4031 2310 1289472170
1516 1516 1295274452
3816 15933 1308730192
4041 4041 1266406620
4048 4380 1267740442
4048 12793 1307983338
4069 15587 1309976869
4070 3875 1266521699
3875 10709 1289368780
4035 4291 1270447977
4035 5626 1272607542
4095 4594 1268525520
4097 4257 1267162311
4097 4267 1267201234
1874 9684 1286077925
4108 4140 1266769953
4111 1785 1270265704
4120 8544 1282033890
4140 14850 1304485997
4520 4170 1266903626
1307 1307 1266868319
4170 13913 1301112153
4173 25726 1280901043
1467 6183 1303525465
4005 7373 1278485649
4186 4181 1266958545
4181 4420 1267907920
4200 6985 1280886930
4198 4245 1267119678
4201 2664 1266993792
2664 8224 1283037346
4222 4557 1268353057
3536 5621 1272318064
4267 2189 1299295940
4268 4300 1267394466
4280 4279 1267299058
4287 4288 1267313801
4291 5080 1270193387
4324 4949 1293488420
4327 2109 1274650956
4348 15470 1270087651
4356 11123 1292670973
4272 4272 1267699905
4363 5536 1272577780
2245 4491 1268111691
4384 10871 1289954604
4405 4415 1267867741
4415 14424 1302932301
4398 4481 1268095935
4398 13726 1301018222
4426 8914 1283305625
4003 12875 1298588495
4494 11980 1294051757
4494 11056 1298733327
4537 4537 1268526303
4544 15749 1307978449
4477 6902 1276964730
4637 4650 1268678213
4649 6574 1300337304
4649 10086 1308907054
4659 6330 1274911867
4669 4734 1268987406
4682 5980 1273618563
4677 4741 1269026650
4685 14328 1305961046
4673 2783 1278643696
4698 5484 1278298852
4698 10659 1289243128
4676 12952 1298531203
4714 4725 1268965344
4714 5219 1270728673
4757 9041 1283789322
4757 7725 1303143162
4758 13714 1300445125
2171 4797 1269241142
4783 4904 1269543111
4423 5644 1272339561
4423 10031 1287039961
4821 2464 1272736599
4853 4806 1269455997
4626 5165 1270559922
4893 4896 1269518912
4854 8864 1283175149
4854 9730 1286010687
4949 11537 1292279901
4963 757 1269763207
4965 16147 1309756705
4972 3926 1269876227
5484 8286 1281401609
5036 5036 1270007639
4990 5683 1275387214
3926 11028 1290561925
5001 7494 1288151095
5045 7935 1280367043
5044 5154 1270532129
3102 5170 1270584895
3102 6334 1275371783
4745 4367 1273794413
4745 10698 1289429979
5108 5121 1270374371
2802 15122 1305481942
4971 6668 1278884198
5144 5090 1270521029
5144 8684 1298544019
5153 5153 1296032313
3886 7175 1277836554
5124 10610 1289933938
5124 13746 1300530037
5196 7608 1281548011
5197 5464 1272106377
5200 6726 1278965560
5200 7575 1279080377
5231 5365 1271521977
5231 5678 1277777171
5223 5223 1288012454
5260 5275 1270942781
5069 11897 1297395622
4778 8550 1282070420
5268 6524 1275543908
5282 5357 1275239309
5281 5651 1272356959
5313 5319 1271126814
5323 13215 1305843583
5339 12484 1309493757
5363 8592 1282674700
5373 11299 1291447056
5407 10218 1287644307
5431 7283 1278123241
3849 7870 1279935623
5469 5286 1271728453
5486 5633 1272328376
5498 7515 1278949727
5499 5314 1271922064
5523 5523 1271984503
2310 13070 1298165593
5566 5551 1272008151
5572 8733 1292741074
5583 30395 1294632769
5611 10711 1289374433
5633 5639 1272332905
5646 5653 1272362579
5654 5637 1272367698
5585 15056 1305314602
5675 5674 1272427386
5526 6821 1276638479
5700 11297 1291438577
5700 7247 1296356135
5715 7518 1283876940
5731 12596 1296340270
5744 7108 1287274741
5744 4234 1298190696
5802 5807 1272951245
5802 7391 1278532162
5827 5825 1273017361
5860 14155 1303546601
1243 1243 1279260989
4555 8403 1281955586
5360 6524 1275630643
4701 10673 1301963246
5938 6992 1298705215
5945 5950 1273282803
5945 7227 1277974960
5960 5934 1273343293
5924 15589 1307229307
5998 13969 1302653328
5993 5766 1273523675
5736 5548 1273557905
6030 11562 1292448651
6030 14510 1304816698
6032 15762 1308053897
6032 15785 1308150033
5724 12295 1295410836
6040 8065 1282093178
6066 10639 1295643997
6082 6082 1275596480
4282 4282 1273866962
3213 5988 1273935387
6104 8610 1282209105
3848 15152 1305599165
3848 15175 1305671251
6167 6166 1274243745
19949 6499 1286140182
19949 14969 1308718298
6235 6223 1274491446
6248 152 1275077134
6249 9853 1286530553
6259 12987 1297799244
6266 6563 1275714938
6277 6517 1275617934
6141 6141 1274746032
6290 4571 1274749805
6324 5977 1274903402
6327 6326 1274895706
6334 8012 1280416352
6343 6369 1275046618
152 13062 1298063165
6366 6388 1275076275
6381 6320 1275064179
6320 1720 1275713922
6389 15877 1308745451
6418 6398 1275159649
6398 6459 1275361325
6433 6475 1275424397
6441 6435 1275276665
5239 3075 1291684165
6476 6483 1275443343
6484 6655 1276027684
6495 9316 1284785105
6503 47274 1295294333
5656 12383 1298767537
5656 8966 1309273070
6550 4608 1276924216
6550 10096 1287243073
6549 6557 1275702981
6576 6576 1275840907
6577 9666 1285858045
6619 6619 1276324502
6210 6634 1275939099
6673 7685 1280483069
3441 7589 1279092180
5482 5482 1298511917
6714 6714 1276289164
6751 8188 1281054688
6751 3896 1281736828
6757 6757 1282884745
6750 6778 1276433257
6750 6863 1276797800
5610 13062 1298063737
6645 6645 1276562713
2416 8393 1281577749
2525 14662 1303750820
6847 6847 1276732456
6882 1669 1298595278
6903 6906 1276932963
66825 66825 1304946506
6649 6942 1277134544
6923 7909 1280809135
6966 6975 1277312010
6985 7386 1280870884
3988 7772 1289613804
7012 7058 1277412835
6892 7036 1277353028
7015 14157 1302059019
7023 4954 1281044576
6137 6137 1299215082
7028 6853 1284678374
7053 7142 1277763417
7057 8638 1282284557
7043 7647 1292059159
7092 6994 1280553466
7092 13070 1308711894
7103 15191 1305746078
7101 7129 1277711133
4391 7112 1277630509
4391 8531 1281998132
6670 10703 1289367017
7165 8424 1281657115
7165 11009 1291033352
7205 7072 1277981992
7231 7229 1277982583
7239 7239 1278551063
7266 7218 1278070889
7218 7377 1278477146
7269 5577 1278283768
7269 7537 1279038040
7263 9550 1285625513
7257 4392 1278448042
7262 7325 1279325446
3428 7203 1278186202
7320 6922 1278335618
7320 7625 1279173968
7360 7360 1278444788
7402 7401 1278554904
7170 1667 1283064316
7422 7422 1278626688
7330 6715 1278865052
7383 7383 1278646700
7258 7477 1278740972
7461 7467 1278712872
7482 8488 1283106617
7482 12004 1300430416
7499 10763 1290275317
7492 7492 1278923875
7512 7510 1278983998
7520 3027 1278988283
7126 7527 1278982711
3027 8761 1282699075
7591 9858 1288381563
7632 8596 1282171259
5480 8606 1282197523
5480 8688 1282463517
7021 15017 1307407879
7647 7683 1279340607
7641 6300 1279260996
7641 8056 1280543350
7673 13488 1300122848
7695 7646 1279584718
7695 3512 1279387383
7727 7726 1279510858
1816 7686 1279549310
7762 12129 1294664215
1540 8560 1282110536
1540 6526 1301451770
7792 7890 1280126672
7692 2592 1279897610
7692 8075 1281477152
2592 7861 1279899958
7821 7817 1279798517
7834 8789 1286233562
7842 7842 1300426068
7875 7875 1280118420
7891 7890 1280059597
4463 8788 1282804275
4463 16048 1309603122
7914 12793 1308180480
7911 7929 1280214534
7931 7878 1280250584
7993 7428 1280372851
7990 16438 1308613249
8015 8275 1283105003
8004 12947 1297592133
8019 10043 1287082372
8041 15396 1306482615
8049 15159 1305658411
9558 36466 1280830123
8092 8112 1280808178
7872 7872 1281398847
36466 9124 1304630986
7421 9342 1285903902
25726 13948 1301274229
8154 8154 1280965570
8168 11186 1291160161
8196 13396 1299290848
8224 5837 1284531653
7983 7983 1282391675
8234 8214 1281272919
8253 8274 1281391164
8275 9006 1283597611
8294 10223 1287656907
8333 7276 1281482316
8368 8361 1281513991
6518 10516 1288736097
6518 13242 1298681820
43085 14405 1302887696
43085 14943 1304862807
8391 8969 1283477298
5793 8062 1281630160
5793 15775 1308802437
5734 10837 1298344218
8432 8523 1281963120
8431 8399 1281704220
5593 8519 1282090709
5593 10577 1288943151
8447 8447 1282157610
8479 8550 1282071742
8358 3075 1288420986
7747 8187 1281938047
7747 7991 1283078471
4047 1783 1291150849
4047 5048 1298322672
8394 7923 1281920888
8257 12806 1303109817
8519 7777 1282092370
8565 8614 1282218299
8579 8585 1282153012
8601 8599 1282184984
8547 3462 1303109600
8604 12395 1295738755
8628 10995 1290380868
8636 9785 1286243820
8642 8642 1282431953
8694 8712 1282531501
8128 8720 1282555637
8761 7533 1282689781
1667 8193 1283423728
1556 1556 1303256036
8788 8744 1284388293
8789 12178 1306906856
8721 14548 1304788018
8802 8905 1283270379
7443 12668 1308874108
8838 8515 1284605172
8736 7790 1285167205
8875 8850 1283320498
8882 8885 1283191689
8914 10580 1290086601
8916 8916 1283306910
8850 9017 1284076955
8933 8933 1283362723
8940 8952 1283405733
8887 8982 1283536942
5295 9057 1288486466
8987 8984 1283550461
9002 9008 1283613381
8995 8995 1283741765
9014 16080 1309361996
9028 2660 1283786090
2660 14918 1304797865
9046 14809 1304307805
1673 5958 1283803269
9093 9211 1306516188
39082 13357 1309273410
9102 13431 1300350327
9102 14730 1304018928
9017 15545 1307072920
9124 11632 1303501589
9126 9123 1284098125
9139 9149 1284189216
9139 14661 1303749106
4903 11244 1291289453
36814 11329 1291611044
9172 9202 1284397695
6570 11556 1292359399
9220 9223 1284493854
9114 11255 1291320055
9232 9232 1292473374
9044 7979 1285607352
9044 8574 1287059222
9237 9338 1284853068
9286 9694 1285905936
9305 14213 1302248702
9305 13475 1304687727
9316 39663 1307490567
9301 9266 1284805057
9332 15484 1308057448
9253 10850 1290006839
9347 10943 1296645374
9354 9372 1284971697
3655 9369 1284961668
9390 13061 1298189679
9379 8870 1288900896
3447 8894 1285052325
9404 14763 1304051639
9386 13467 1299830405
9386 15027 1305152629
9431 9721 1285985878
9302 9302 1285187402
9462 9459 1285244781
9459 9527 1285536277
9468 9470 1285273581
9468 13552 1303146488
9455 4165 1292015700
9486 10435 1288870746
9486 14121 1302184516
3680 12484 1297463031
9523 9523 1285678023
9542 9621 1285793101
9542 9855 1286449255
8363 7987 1295309469
9569 9625 1285798135
9684 14354 1308884706
9714 13618 1300051327
9714 12518 1301848922
4019 9732 1286016601
2763 9737 1286043755
2763 15433 1306681934
9624 9624 1286051891
9769 12835 1297231609
7540 9525 1286233115
9792 9798 1286261863
9776 5738 1299170423
9810 9807 1286318006
9818 9835 1286392631
9836 9836 1286407937
9094 10977 1290299203
9823 9869 1286486033
9024 10258 1287788396
9899 12047 1294296372
9926 9968 1286880671
9932 9680 1299218892
9712 9951 1286835277
9952 9913 1286837398
6588 7611 1288240478
7576 12450 1295926330
9962 10324 1288168539
9962 13097 1298197251
10050 10052 1287060892
10032 10075 1287128341
10075 15661 1307781835
9667 10097 1287247813
10106 7837 1287288735
10106 6527 1287810349
10112 10104 1287295483
9458 12234 1297883599
10118 10124 1287342393
10128 10128 1288324179
10155 10193 1287582888
10189 10386 1288250687
10221 7494 1287701361
3409 3409 1287951043
5896 11837 1293438015
5896 13244 1301860701
9779 10258 1287810192
9858 13381 1299942680
10269 10269 1287978714
9842 7448 1310076182
10204 13520 1299676445
10313 10454 1288493830
10317 10343 1288125498
10327 10954 1290200264
10330 12573 1296610806
10330 15830 1308284422
10381 10381 1288329085
10453 10402 1288489785
9015 14094 1309751038
8784 13378 1299153004
10549 10555 1288862837
10539 10539 1288903640
10570 11964 1307159178
5115 10611 1289071724
10614 10609 1289084142
10614 10706 1289351071
8419 16143 1310469207
6793 9793 1292337605
9003 9003 1299601385
10718 15499 1306884727
10745 10799 1289652536
10745 10578 1290108949
10610 10952 1290294547
8452 11307 1291474094
8452 14702 1306614381
10728 10728 1289616065
10779 15388 1309652734
10749 14576 1303397811
8162 10861 1289914005
10858 10858 1299557112
10876 10917 1290083045
10876 10933 1290141209
10857 10887 1290042916
10887 10918 1290066989
10541 12690 1296705601
10541 1992 1297583643
10918 14321 1302669913
10792 11191 1291136457
10951 10951 1290262602
10945 11268 1291354864
10945 11322 1291562000
11002 15197 1305756497
11009 13290 1298884150
11030 11030 1291331771
11028 10111 1290711644
10111 12998 1298095903
8084 11116 1290927804
11131 11131 1291191312
11163 11163 1291132632
11172 11177 1291092274
11178 2114 1299965779
11220 13437 1299415373
11230 11230 1291315236
10920 11360 1291688087
11146 16143 1310262999
36720 13000 1302311028
11317 11317 1297170520
11361 12409 1296660637
11361 15828 1309340684
11390 4700 1291775334
11484 11484 1299890744
11498 11522 1292182704
11535 14869 1304488555
11538 11538 1292289044
11556 10663 1292320664
14726 13832 1301444573
14726 14002 1301448101
7409 11575 1292401998
11554 9612 1294830519
11035 11035 1292443927
11588 11601 1292469356
11629 12965 1297669874
2019 11630 1292571695
10001 13024 1297927442
3776 3776 1292801780
5708 14167 1305119610
11745 15573 1307141962
11761 11730 1293006329
11730 11828 1293347758
11662 11764 1293017002
8508 12106 1301900231
11768 15666 1307578831
11796 10061 1293153023
11800 8941 1293175052
11262 15014 1306251802
11830 12132 1294675507
5792 5792 1293433599
11821 11838 1293405702
11846 10839 1308652161
11850 15465 1306770675
11850 13168 1308130339
8648 16360 1310427384
11928 14092 1301995117
11854 10346 1293927560
11854 7303 1294490941
11947 11018 1293935689
11018 16114 1309547941
11974 11970 1294083332
11996 11897 1294121936
8932 12474 1295950646
12032 12032 1294699341
12111 12111 1294572718
11608 6770 1296321286
12170 14200 1308310159
8855 12037 1294863500
12146 12146 1294909226
12192 12295 1295409645
12204 5831 1296764297
11877 10316 1299403749
12187 12409 1298539860
7690 14053 1301616495
12249 12650 1296536727
12260 13250 1298714807
12260 13147 1298853029
12274 12277 1295341660
12362 15819 1308275275
12377 12380 1295629038
6761 12799 1297119510
12366 12389 1295671077
12397 12309 1296104648
12410 12714 1296809456
12418 14102 1302398627
12390 12361 1295820325
12466 13906 1301092780
11898 12487 1295991268
12498 12509 1296045785
11059 12723 1297126263
12518 14878 1304532799
12520 12519 1296080912
9915 14082 1303155395
11976 11976 1296154727
12489 12489 1296199998
12591 12591 1296376210
12606 12606 1299301006
11632 12481 1296530230
12662 12662 1296577263
12676 12679 1296651104
12699 12041 1297966650
12706 9516 1309271804
12669 12737 1296885277
12710 12714 1296807600
12735 12734 1296873221
12761 12840 1297308044
12763 12759 1296993795
12723 12693 1297253105
12824 12860 1297317447
12847 14335 1302697829
12877 12875 1297364820
12844 12928 1297538326
12932 12931 1297554019
12981 13785 1302256455
12987 12986 1297794900
12976 14721 1304919980
13006 13038 1298013130
13015 13015 1297967074
13008 13064 1298068560
13072 13085 1298145871
12996 12996 1298598170
13078 13078 1298991521
12039 12039 1301193811
13107 13107 1299368027
13059 11145 1308415607
13144 13145 1298344938
13133 12261 1298351324
12261 13962 1301359771
13150 13154 1298368670
13160 13158 1298394162
13189 13184 1298511854
13199 13121 1298518645
13249 13247 1298693700
12383 13486 1299636822
13151 13615 1300046481
12563 13307 1298958704
13278 13277 1298828784
13343 15673 1307831926
13402 13394 1299262000
13420 10148 1299307792
10316 13881 1301024728
13447 13447 1299532023
13462 14624 1303614768
12879 14124 1302118868
13480 13482 1299562746
13480 14969 1304985656
13481 14771 1304801929
13489 13488 1299569572
13547 5546 1300980534
13550 13550 1299827715
13552 16183 1309982692
13168 14576 1303436635
12722 13584 1299913644
12722 14456 1303033031
13400 13893 1301079598
13611 13608 1300013166
10482 15696 1308080564
13663 13413 1300221330
13679 13673 1300264758
13673 14009 1301456767
13738 13737 1300461901
13742 13981 1309965956
13751 13755 1300517371
13776 13773 1300651011
13776 13997 1301443252
13726 13816 1300785368
13816 5661 1307049969
13799 13824 1300819747
13838 10777 1300856325
13881 13890 1301025668
13913 13915 1301112330
13927 13331 1301185978
13331 15640 1307491122
13922 13922 1301300368
13835 14094 1301805419
13388 13785 1301266987
13948 14013 1301474959
13938 13951 1301282579
13938 13788 1301502828
13959 13960 1301336552
12412 16019 1309661786
10304 13984 1301406386
13000 13978 1301390998
13992 14119 1301938423
13992 11561 1302039999
14049 13983 1301573427
14056 14053 1301601483
6698 6698 1302116354
14063 14063 1301634228
14148 14702 1307832676
14147 14157 1302059537
14161 14156 1302062541
14167 13506 1308846985
14187 14241 1302462794
14233 14233 1302554546
14253 14114 1302484256
14114 15980 1308948439
14255 14260 1302517034
14322 14325 1302679523
14324 14712 1303910437
14324 14832 1304330382
14340 13506 1304765509
14127 14127 1302757212
12914 14378 1302791479
12914 14800 1304192231
14371 14476 1303126401
14362 15358 1306375967
14312 14485 1303169470
14436 14436 1305152600
14442 14437 1302975645
13384 15597 1307402217
13684 15445 1306701904
14468 14464 1303086310
2026 13874 1303139980
7725 16282 1310035703
14481 14509 1303223076
14493 15882 1308967760
14493 15517 1308971732
9481 14561 1303347221
14510 15423 1306593704
14517 15462 1306764116
14546 14541 1303311703
14107 16315 1310334286
14593 14711 1303894881
14624 14626 1303615442
14628 14993 1305666644
14632 14644 1303625799
14664 14663 1303754311
14694 14579 1303927203
14712 14417 1303919631
14716 14288 1303964473
13373 13373 1304211580
14753 6325 1304031209
14788 15295 1306116745
13694 13694 1305602050
14705 14816 1304279237
14832 39663 1307499263
5496 10646 1310256283
14689 12781 1304943437
14896 14098 1304635089
14916 15254 1305929961
14940 2197 1305066165
14958 15040 1305190329
14807 15056 1305284461
15031 15794 1308161651
15020 15020 1305230271
15058 16395 1310522983
15111 15118 1305461548
15112 15110 1305429950
15129 15388 1307589016
15133 15133 1305556452
15181 15181 1305775204
14708 32332 1306340395
15265 13736 1305990370
15274 15274 1306008389
15311 16058 1309288089
15379 15427 1306690010
15404 15404 1307402883
15331 15417 1306562820
15417 15700 1307732354
15440 15435 1306688049
15443 12135 1306698315
15463 15479 1306817087
15484 13554 1307695409
13562 15520 1306963581
8382 15756 1308244379
8382 15808 1308317349
15541 4315 1310491906
15544 15525 1307062146
15525 16113 1309564167
15620 14910 1307405174
15017 16280 1310031692
15666 15900 1308600127
15688 15555 1307676153
15632 15887 1309881415
10972 15696 1307925609
15708 15746 1307963074
15746 15750 1307979381
15752 15820 1308586717
15752 15914 1308668031
15615 15615 1308014901
15785 15798 1308173027
1043 15813 1308256895
15777 15777 1308296562
15841 15839 1308322192
15869 15863 1308448714
13602 15871 1308453728
15882 16103 1309474104
15890 15890 1308535170
15743 15743 1308547672
15918 15918 1308755119
15931 15928 1308723110
15951 1981 1309376631
15626 16320 1310210919
16036 16033 1309206726
15429 15429 1309231625
16044 16044 1309277784
16064 16066 1309302931
12425 16120 1309595661
16023 16023 1309368018
16132 16287 1310056217
16203 16142 1309947930
16275 16260 1310014641
16325 16317 1310228583
16367 16373 1310462734
16386 16348 1310505489
14246 10986 1310516813
